numel numnp nmat plane_stress_flag, gravity_flag
196 	250   1   1   1
matl no., E modulus, Poisson Ratio, mass
0 3.0e+07 0.300000 1.000000
el no.,connectivity, matl no
    0     0     3     4     1   0
    1     3     6     7     4   0
    2     6     9    10     7   0
    3     9    12    13    10   0
    4     1     4     5     2   0
    5     4     7     8     5   0
    6     7    10    11     8   0
    7    10    13    14    11   0
    8     2     5    17    15   0
    9     5     8    19    17   0
   10     8    11    21    19   0
   11    11    14    23    21   0
   12    15    17    18    16   0
   13    17    19    20    18   0
   14    19    21    22    20   0
   15    21    23    24    22   0
   16    12    25    26    13   0
   17    25    28    29    26   0
   18    28    31    32    29   0
   19    31    34    35    32   0
   20    34    37    38    35   0
   21    37    40    41    38   0
   22    40    43    44    41   0
   23    43    46    47    44   0
   24    46    49    50    47   0
   25    49    52    53    50   0
   26    13    26    27    14   0
   27    26    29    30    27   0
   28    29    32    33    30   0
   29    32    35    36    33   0
   30    35    38    39    36   0
   31    38    41    42    39   0
   32    41    44    45    42   0
   33    44    47    48    45   0
   34    47    50    51    48   0
   35    50    53    54    51   0
   36    14    27    55    23   0
   37    27    30    57    55   0
   38    30    33    59    57   0
   39    33    36    61    59   0
   40    36    39    63    61   0
   41    39    42    65    63   0
   42    42    45    67    65   0
   43    45    48    69    67   0
   44    48    51    71    69   0
   45    51    54    73    71   0
   46    23    55    56    24   0
   47    55    57    58    56   0
   48    57    59    60    58   0
   49    59    61    62    60   0
   50    61    63    64    62   0
   51    63    65    66    64   0
   52    65    67    68    66   0
   53    67    69    70    68   0
   54    69    71    72    70   0
   55    71    73    74    72   0
   56    52    75    76    53   0
   57    75    78    79    76   0
   58    78    81    82    79   0
   59    81    84    85    82   0
   60    84    87    88    85   0
   61    87    90    91    88   0
   62    90    93    94    91   0
   63    93    96    97    94   0
   64    96    99   100    97   0
   65    99   102   103   100   0
   66    53    76    77    54   0
   67    76    79    80    77   0
   68    79    82    83    80   0
   69    82    85    86    83   0
   70    85    88    89    86   0
   71    88    91    92    89   0
   72    91    94    95    92   0
   73    94    97    98    95   0
   74    97   100   101    98   0
   75   100   103   104   101   0
   76    54    77   105    73   0
   77    77    80   107   105   0
   78    80    83   109   107   0
   79    83    86   111   109   0
   80    86    89   113   111   0
   81    89    92   115   113   0
   82    92    95   117   115   0
   83    95    98   119   117   0
   84    98   101   121   119   0
   85   101   104   123   121   0
   86    73   105   106    74   0
   87   105   107   108   106   0
   88   107   109   110   108   0
   89   109   111   112   110   0
   90   111   113   114   112   0
   91   113   115   116   114   0
   92   115   117   118   116   0
   93   117   119   120   118   0
   94   119   121   122   120   0
   95   121   123   124   122   0
   96   102   125   126   103   0
   97   125   128   129   126   0
   98   128   131   132   129   0
   99   131   134   135   132   0
  100   134   137   138   135   0
  101   137   140   141   138   0
  102   140   143   144   141   0
  103   143   146   147   144   0
  104   146   149   150   147   0
  105   149   152   153   150   0
  106   103   126   127   104   0
  107   126   129   130   127   0
  108   129   132   133   130   0
  109   132   135   136   133   0
  110   135   138   139   136   0
  111   138   141   142   139   0
  112   141   144   145   142   0
  113   144   147   148   145   0
  114   147   150   151   148   0
  115   150   153   154   151   0
  116   104   127   155   123   0
  117   127   130   157   155   0
  118   130   133   159   157   0
  119   133   136   161   159   0
  120   136   139   163   161   0
  121   139   142   165   163   0
  122   142   145   167   165   0
  123   145   148   169   167   0
  124   148   151   171   169   0
  125   151   154   173   171   0
  126   123   155   156   124   0
  127   155   157   158   156   0
  128   157   159   160   158   0
  129   159   161   162   160   0
  130   161   163   164   162   0
  131   163   165   166   164   0
  132   165   167   168   166   0
  133   167   169   170   168   0
  134   169   171   172   170   0
  135   171   173   174   172   0
  136   152   175   176   153   0
  137   175   178   179   176   0
  138   178   181   182   179   0
  139   181   184   185   182   0
  140   184   187   188   185   0
  141   187   190   191   188   0
  142   190   193   194   191   0
  143   193   196   197   194   0
  144   196   199   200   197   0
  145   199   202   203   200   0
  146   153   176   177   154   0
  147   176   179   180   177   0
  148   179   182   183   180   0
  149   182   185   186   183   0
  150   185   188   189   186   0
  151   188   191   192   189   0
  152   191   194   195   192   0
  153   194   197   198   195   0
  154   197   200   201   198   0
  155   200   203   204   201   0
  156   154   177   205   173   0
  157   177   180   207   205   0
  158   180   183   209   207   0
  159   183   186   211   209   0
  160   186   189   213   211   0
  161   189   192   215   213   0
  162   192   195   217   215   0
  163   195   198   219   217   0
  164   198   201   221   219   0
  165   201   204   223   221   0
  166   173   205   206   174   0
  167   205   207   208   206   0
  168   207   209   210   208   0
  169   209   211   212   210   0
  170   211   213   214   212   0
  171   213   215   216   214   0
  172   215   217   218   216   0
  173   217   219   220   218   0
  174   219   221   222   220   0
  175   221   223   224   222   0
  176   202   225   226   203   0
  177   225   228   229   226   0
  178   228   231   232   229   0
  179   231   234   235   232   0
  180   234   237   238   235   0
  181   203   226   227   204   0
  182   226   229   230   227   0
  183   229   232   233   230   0
  184   232   235   236   233   0
  185   235   238   239   236   0
  186   204   227   240   223   0
  187   227   230   242   240   0
  188   230   233   244   242   0
  189   233   236   246   244   0
  190   236   239   248   246   0
  191   223   240   241   224   0
  192   240   242   243   241   0
  193   242   244   245   243   0
  194   244   246   247   245   0
  195   246   248   249   247   0
node no. coordinates
    0   -2.750000  -0.500000 
    1   -2.750000  -0.250000 
    2   -2.750000   0.000000 
    3   -2.562500  -0.500000 
    4   -2.562500  -0.250000 
    5   -2.562500   0.000000 
    6   -2.375000  -0.500000 
    7   -2.375000  -0.250000 
    8   -2.375000   0.000000 
    9   -2.187500  -0.500000 
   10   -2.187500  -0.250000 
   11   -2.187500   0.000000 
   12   -2.000000  -0.500000 
   13   -2.000000  -0.250000 
   14   -2.000000   0.000000 
   15   -2.750000   0.250000 
   16   -2.750000   0.500000 
   17   -2.562500   0.250000 
   18   -2.562500   0.500000 
   19   -2.375000   0.250000 
   20   -2.375000   0.500000 
   21   -2.187500   0.250000 
   22   -2.187500   0.500000 
   23   -2.000000   0.250000 
   24   -2.000000   0.500000 
   25   -1.905054  -0.500000 
   26   -1.907106  -0.250813 
   27   -1.909117  -0.001755 
   28   -1.810108  -0.500000 
   29   -1.814211  -0.251627 
   30   -1.818234  -0.003510 
   31   -1.715162  -0.500000 
   32   -1.721317  -0.252440 
   33   -1.727351  -0.005265 
   34   -1.620217  -0.500000 
   35   -1.628423  -0.253254 
   36   -1.636468  -0.007020 
   37   -1.525271  -0.500000 
   38   -1.535528  -0.254067 
   39   -1.545585  -0.008776 
   40   -1.430325  -0.500000 
   41   -1.442634  -0.254880 
   42   -1.454702  -0.010531 
   43   -1.336233  -0.487295 
   44   -1.350164  -0.249386 
   45   -1.363819  -0.012286 
   46   -1.263887  -0.425807 
   47   -1.268489  -0.219673 
   48   -1.272936  -0.014041 
   49   -1.187474  -0.369453 
   50   -1.184796  -0.192508 
   51   -1.182053  -0.015796 
   52   -1.107401  -0.318434 
   53   -1.099285  -0.167992 
   54   -1.091170  -0.017551 
   55   -1.907100   0.249076 
   56   -1.905054   0.500000 
   57   -1.814200   0.248152 
   58   -1.810108   0.500000 
   59   -1.721300   0.247227 
   60   -1.715162   0.500000 
   61   -1.628401   0.246303 
   62   -1.620217   0.500000 
   63   -1.535501   0.245379 
   64   -1.525271   0.500000 
   65   -1.442601   0.244455 
   66   -1.430325   0.500000 
   67   -1.350126   0.237211 
   68   -1.336233   0.487295 
   69   -1.268468   0.205701 
   70   -1.263887   0.425807 
   71   -1.184787   0.176744 
   72   -1.187474   0.369453 
   73   -1.099285   0.150441 
   74   -1.107401   0.318434 
   75   -1.006777  -0.264444 
   76   -0.994326  -0.140426 
   77   -0.982053  -0.015796 
   78   -0.902071  -0.218875 
   79   -0.887361  -0.116995 
   80   -0.872936  -0.014041 
   81   -0.793973  -0.182066 
   82   -0.778730  -0.097867 
   83   -0.763819  -0.012286 
   84   -0.683226  -0.154224 
   85   -0.668798  -0.083143 
   86   -0.654702  -0.010531 
   87   -0.570574  -0.135528 
   88   -0.557931  -0.072912 
   89   -0.545585  -0.008776 
   90   -0.456766  -0.126157 
   91   -0.446495  -0.067261 
   92   -0.436468  -0.007020 
   93   -0.342579  -0.125000 
   94   -0.334874  -0.065644 
   95   -0.327351  -0.005265 
   96   -0.228386  -0.125000 
   97   -0.223249  -0.064596 
   98   -0.218234  -0.003510 
   99   -0.114193  -0.125000 
  100   -0.111625  -0.063548 
  101   -0.109117  -0.001755 
  102    0.000000  -0.125000 
  103    0.000000  -0.062500 
  104    0.000000   0.000000 
  105   -0.994319   0.124653 
  106   -1.006777   0.264444 
  107   -0.887350   0.102996 
  108   -0.902070   0.218875 
  109   -0.778717   0.085635 
  110   -0.793973   0.182066 
  111   -0.668785   0.072672 
  112   -0.683226   0.154224 
  113   -0.557919   0.064195 
  114   -0.570574   0.135528 
  115   -0.446486   0.060293 
  116   -0.456766   0.126157 
  117   -0.334866   0.060419 
  118   -0.342579   0.125000 
  119   -0.223244   0.061113 
  120   -0.228386   0.125000 
  121   -0.111622   0.061806 
  122   -0.114193   0.125000 
  123   -0.000000   0.062500 
  124   -0.000000   0.125000 
  125    0.114205  -0.125000 
  126    0.111693  -0.062393 
  127    0.109243   0.000563 
  128    0.228410  -0.125000 
  129    0.223386  -0.062286 
  130    0.218486   0.001127 
  131    0.342615  -0.125000 
  132    0.335079  -0.062178 
  133    0.327729   0.001690 
  134    0.456815  -0.126133 
  135    0.446769  -0.062628 
  136    0.436972   0.002254 
  137    0.570638  -0.135467 
  138    0.558274  -0.067103 
  139    0.546215   0.002818 
  140    0.683306  -0.154139 
  141    0.669212  -0.076163 
  142    0.655458   0.003381 
  143    0.794068  -0.181970 
  144    0.779215  -0.089721 
  145    0.764701   0.003945 
  146    0.902177  -0.218782 
  147    0.887915  -0.107687 
  148    0.873944   0.004508 
  149    1.006891  -0.264366 
  150    0.994947  -0.129960 
  151    0.983187   0.005072 
  152    1.107514  -0.318381 
  153    1.099972  -0.156373 
  154    1.092430   0.005635 
  155    0.111694   0.062952 
  156    0.114205   0.125000 
  157    0.223387   0.063404 
  158    0.228410   0.125000 
  159    0.335081   0.063856 
  160    0.342615   0.125000 
  161    0.446772   0.064865 
  162    0.456815   0.126133 
  163    0.558278   0.069902 
  164    0.570638   0.135467 
  165    0.669216   0.079525 
  166    0.683306   0.154139 
  167    0.779219   0.093648 
  168    0.794068   0.181971 
  169    0.887919   0.112182 
  170    0.902178   0.218782 
  171    0.994950   0.135024 
  172    1.006891   0.264366 
  173    1.099972   0.162008 
  174    1.107515   0.318381 
  175    1.187569  -0.369420 
  176    1.185407  -0.182068 
  177    1.183187   0.005072 
  178    1.263956  -0.425800 
  179    1.269021  -0.210416 
  180    1.273944   0.004508 
  181    1.336270  -0.487316 
  182    1.350612  -0.241316 
  183    1.364701   0.003945 
  184    1.430359  -0.500000 
  185    1.443019  -0.247957 
  186    1.455458   0.003381 
  187    1.525299  -0.500000 
  188    1.535849  -0.248297 
  189    1.546215   0.002818 
  190    1.620239  -0.500000 
  191    1.628679  -0.248638 
  192    1.636972   0.002254 
  193    1.715179  -0.500000 
  194    1.721510  -0.248978 
  195    1.727729   0.001690 
  196    1.810120  -0.500000 
  197    1.814340  -0.249319 
  198    1.818486   0.001127 
  199    1.905060  -0.500000 
  200    1.907170  -0.249660 
  201    1.909243   0.000563 
  202    2.000000  -0.500000 
  203    2.000000  -0.250000 
  204    2.000000   0.000000 
  205    1.185410   0.187129 
  206    1.187569   0.369420 
  207    1.269028   0.214902 
  208    1.263956   0.425800 
  209    1.350624   0.245225 
  210    1.336270   0.487317 
  211    1.443029   0.251304 
  212    1.430359   0.500000 
  213    1.535858   0.251087 
  214    1.525299   0.500000 
  215    1.628686   0.250870 
  216    1.620239   0.500000 
  217    1.721515   0.250652 
  218    1.715179   0.500000 
  219    1.814343   0.250435 
  220    1.810120   0.500000 
  221    1.907172   0.250217 
  222    1.905060   0.500000 
  223    2.000000   0.250000 
  224    2.000000   0.500000 
  225    2.150000  -0.500000 
  226    2.150000  -0.250000 
  227    2.150000   0.000000 
  228    2.300000  -0.500000 
  229    2.300000  -0.250000 
  230    2.300000   0.000000 
  231    2.450000  -0.500000 
  232    2.450000  -0.250000 
  233    2.450000   0.000000 
  234    2.600000  -0.500000 
  235    2.600000  -0.250000 
  236    2.600000   0.000000 
  237    2.750000  -0.500000 
  238    2.750000  -0.250000 
  239    2.750000   0.000000 
  240    2.150000   0.250000 
  241    2.150000   0.500000 
  242    2.300000   0.250000 
  243    2.300000   0.500000 
  244    2.450000   0.250000 
  245    2.450000   0.500000 
  246    2.600000   0.250000 
  247    2.600000   0.500000 
  248    2.750000   0.250000 
  249    2.750000   0.500000 
prescribed displacement x: node  disp value
16 0.
15 0.
2 0.
1 0.
0 0.
-10
prescribed displacement y: node  disp value
16 0.
15 0.
2 0.
1 0.
0 0.
-10
node with point load and load vector in x,y
249 10000.0 0.0
248 10000.0 0.0
239 10000.0 0.0
238 10000.0 0.0
237 10000.0 0.0
-10
