numel numnp nmat plane_stress_flag 
1328 1468   1   1
matl no., E modulus, Poisson Ratio, mass 
  0 30000000.000000 0.300000 1.000000
el no.,connectivity, matl no
  0  31 1054 1136 451   1
  1 276 664 1136 1054   1
  2 317 666 1136 664   1
  3 140 451 1136 666   1
  4  32 452 1137 1055   1
  5 141 665 1137 452   1
  6 317 664 1137 665   1
  7 276 1055 1137 664   1
  8  92 450 1138 453   1
  9 140 666 1138 450   1
 10 317 665 1138 666   1
 11 141 453 1138 665   1
 12  40 1072 1139 463   1
 13 285 667 1139 1072   1
 14 318 669 1139 667   1
 15 146 463 1139 669   1
 16  41 465 1140 1073   1
 17 147 668 1140 465   1
 18 318 667 1140 668   1
 19 285 1073 1140 667   1
 20  65 462 1141 464   1
 21 146 669 1141 462   1
 22 318 668 1141 669   1
 23 147 464 1141 668   1
 24  43 1078 1142 469   1
 25 288 670 1142 1078   1
 26 319 672 1142 670   1
 27 149 469 1142 672   1
 28  44 471 1143 1079   1
 29 150 671 1143 471   1
 30 319 670 1143 671   1
 31 288 1079 1143 670   1
 32  63 468 1144 470   1
 33 149 672 1144 468   1
 34 319 671 1144 672   1
 35 150 470 1144 671   1
 36  94 518 1145 524   1
 37 174 673 1145 518   1
 38 320 675 1145 673   1
 39 177 524 1145 675   1
 40  45 520 1146 519   1
 41 175 674 1146 520   1
 42 320 673 1146 674   1
 43 174 519 1146 673   1
 44  95 525 1147 521   1
 45 177 675 1147 525   1
 46 320 674 1147 675   1
 47 175 521 1147 674   1
 48  95 530 1148 527   1
 49 180 676 1148 530   1
 50 321 678 1148 676   1
 51 178 527 1148 678   1
 52  88 528 1149 531   1
 53 179 677 1149 528   1
 54 321 676 1149 677   1
 55 180 531 1149 676   1
 56  89 526 1150 529   1
 57 178 678 1150 526   1
 58 321 677 1150 678   1
 59 179 529 1150 677   1
 60  91 538 1151 537   1
 61 184 679 1151 538   1
 62 322 681 1151 679   1
 63 183 537 1151 681   1
 64  33 1058 1152 539   1
 65 278 680 1152 1058   1
 66 322 679 1152 680   1
 67 184 539 1152 679   1
 68  34 536 1153 1059   1
 69 183 681 1153 536   1
 70 322 680 1153 681   1
 71 278 1059 1153 680   1
 72  87 558 1154 568   1
 73 194 682 1154 558   1
 74 323 684 1154 682   1
 75 199 568 1154 684   1
 76  88 645 1155 559   1
 77 237 683 1155 645   1
 78 323 682 1155 683   1
 79 194 559 1155 682   1
 80  98 569 1156 644   1
 81 199 684 1156 569   1
 82 323 683 1156 684   1
 83 237 644 1156 683   1
 84  90 584 1157 581   1
 85 207 685 1157 584   1
 86 324 687 1157 685   1
 87 205 581 1157 687   1
 88  91 582 1158 585   1
 89 206 686 1158 582   1
 90 324 685 1158 686   1
 91 207 585 1158 685   1
 92  93 580 1159 583   1
 93 205 687 1159 580   1
 94 324 686 1159 687   1
 95 206 583 1159 686   1
 96   3 998 1160 997   1
 97 248 688 1160 998   1
 98 325 691 1160 688   1
 99 247 997 1160 691   1
100   4 403 1161 999   1
101 116 689 1161 403   1
102 325 688 1161 689   1
103 248 999 1161 688   1
104  70 543 1162 402   1
105 186 690 1162 543   1
106 325 689 1162 690   1
107 116 402 1162 689   1
108   2 996 1163 542   1
109 247 691 1163 996   1
110 325 690 1163 691   1
111 186 542 1163 690   1
112   4 1000 1164 403   1
113 249 692 1164 1000   1
114 326 695 1164 692   1
115 116 403 1164 695   1
116   5 405 1165 1001   1
117 117 693 1165 405   1
118 326 692 1165 693   1
119 249 1001 1165 692   1
120  71 631 1166 404   1
121 230 694 1166 631   1
122 326 693 1166 694   1
123 117 404 1166 693   1
124  70 402 1167 630   1
125 116 695 1167 402   1
126 326 694 1167 695   1
127 230 630 1167 694   1
128   5 1002 1168 405   1
129 250 696 1168 1002   1
130 327 699 1168 696   1
131 117 405 1168 699   1
132   6 407 1169 1003   1
133 118 697 1169 407   1
134 327 696 1169 697   1
135 250 1003 1169 696   1
136  72 639 1170 406   1
137 234 698 1170 639   1
138 327 697 1170 698   1
139 118 406 1170 697   1
140  71 404 1171 638   1
141 117 699 1171 404   1
142 327 698 1171 699   1
143 234 638 1171 698   1
144   6 1004 1172 407   1
145 251 700 1172 1004   1
146 328 703 1172 700   1
147 118 407 1172 703   1
148   7 409 1173 1005   1
149 119 701 1173 409   1
150 328 700 1173 701   1
151 251 1005 1173 700   1
152  73 641 1174 408   1
153 235 702 1174 641   1
154 328 701 1174 702   1
155 119 408 1174 701   1
156  72 406 1175 640   1
157 118 703 1175 406   1
158 328 702 1175 703   1
159 235 640 1175 702   1
160   7 1006 1176 409   1
161 252 704 1176 1006   1
162 329 707 1176 704   1
163 119 409 1176 707   1
164   8 411 1177 1007   1
165 120 705 1177 411   1
166 329 704 1177 705   1
167 252 1007 1177 704   1
168  74 661 1178 410   1
169 245 706 1178 661   1
170 329 705 1178 706   1
171 120 410 1178 705   1
172  73 408 1179 660   1
173 119 707 1179 408   1
174 329 706 1179 707   1
175 245 660 1179 706   1
176   8 1008 1180 411   1
177 253 708 1180 1008   1
178 330 711 1180 708   1
179 120 411 1180 711   1
180   9 413 1181 1009   1
181 121 709 1181 413   1
182 330 708 1181 709   1
183 253 1009 1181 708   1
184  75 657 1182 412   1
185 243 710 1182 657   1
186 330 709 1182 710   1
187 121 412 1182 709   1
188  74 410 1183 656   1
189 120 711 1183 410   1
190 330 710 1183 711   1
191 243 656 1183 710   1
192   9 1010 1184 413   1
193 254 712 1184 1010   1
194 331 715 1184 712   1
195 121 413 1184 715   1
196  10 415 1185 1011   1
197 122 713 1185 415   1
198 331 712 1185 713   1
199 254 1011 1185 712   1
200  76 623 1186 414   1
201 226 714 1186 623   1
202 331 713 1186 714   1
203 122 414 1186 713   1
204  75 412 1187 622   1
205 121 715 1187 412   1
206 331 714 1187 715   1
207 226 622 1187 714   1
208  10 1012 1188 415   1
209 255 716 1188 1012   1
210 332 719 1188 716   1
211 122 415 1188 719   1
212  11 417 1189 1013   1
213 123 717 1189 417   1
214 332 716 1189 717   1
215 255 1013 1189 716   1
216  77 587 1190 416   1
217 208 718 1190 587   1
218 332 717 1190 718   1
219 123 416 1190 717   1
220  76 414 1191 586   1
221 122 719 1191 414   1
222 332 718 1191 719   1
223 208 586 1191 718   1
224  11 1014 1192 417   1
225 256 720 1192 1014   1
226 333 723 1192 720   1
227 123 417 1192 723   1
228  12 509 1193 1015   1
229 169 721 1193 509   1
230 333 720 1193 721   1
231 256 1015 1193 720   1
232  78 613 1194 508   1
233 221 722 1194 613   1
234 333 721 1194 722   1
235 169 508 1194 721   1
236  77 416 1195 612   1
237 123 723 1195 416   1
238 333 722 1195 723   1
239 221 612 1195 722   1
240  12 1016 1196 510   1
241 257 724 1196 1016   1
242 334 727 1196 724   1
243 170 510 1196 727   1
244  13 419 1197 1017   1
245 124 725 1197 419   1
246 334 724 1197 725   1
247 257 1017 1197 724   1
248  80 597 1198 418   1
249 213 726 1198 597   1
250 334 725 1198 726   1
251 124 418 1198 725   1
252  79 511 1199 596   1
253 170 727 1199 511   1
254 334 726 1199 727   1
255 213 596 1199 726   1
256  13 1018 1200 419   1
257 258 728 1200 1018   1
258 335 731 1200 728   1
259 124 419 1200 731   1
260  14 421 1201 1019   1
261 125 729 1201 421   1
262 335 728 1201 729   1
263 258 1019 1201 728   1
264  81 647 1202 420   1
265 238 730 1202 647   1
266 335 729 1202 730   1
267 125 420 1202 729   1
268  80 418 1203 646   1
269 124 731 1203 418   1
270 335 730 1203 731   1
271 238 646 1203 730   1
272  14 1020 1204 421   1
273 259 732 1204 1020   1
274 336 735 1204 732   1
275 125 421 1204 735   1
276  15 423 1205 1021   1
277 126 733 1205 423   1
278 336 732 1205 733   1
279 259 1021 1205 732   1
280  82 593 1206 422   1
281 211 734 1206 593   1
282 336 733 1206 734   1
283 126 422 1206 733   1
284  81 420 1207 592   1
285 125 735 1207 420   1
286 336 734 1207 735   1
287 211 592 1207 734   1
288  15 1022 1208 423   1
289 260 736 1208 1022   1
290 337 739 1208 736   1
291 126 423 1208 739   1
292  16 425 1209 1023   1
293 127 737 1209 425   1
294 337 736 1209 737   1
295 260 1023 1209 736   1
296  83 577 1210 424   1
297 203 738 1210 577   1
298 337 737 1210 738   1
299 127 424 1210 737   1
300  82 422 1211 576   1
301 126 739 1211 422   1
302 337 738 1211 739   1
303 203 576 1211 738   1
304  16 1024 1212 425   1
305 261 740 1212 1024   1
306 338 743 1212 740   1
307 127 425 1212 743   1
308  17 427 1213 1025   1
309 128 741 1213 427   1
310 338 740 1213 741   1
311 261 1025 1213 740   1
312  84 557 1214 426   1
313 193 742 1214 557   1
314 338 741 1214 742   1
315 128 426 1214 741   1
316  83 424 1215 556   1
317 127 743 1215 424   1
318 338 742 1215 743   1
319 193 556 1215 742   1
320  17 1026 1216 427   1
321 262 744 1216 1026   1
322 339 747 1216 744   1
323 128 427 1216 747   1
324  18 429 1217 1027   1
325 129 745 1217 429   1
326 339 744 1217 745   1
327 262 1027 1217 744   1
328  85 547 1218 428   1
329 188 746 1218 547   1
330 339 745 1218 746   1
331 129 428 1218 745   1
332  84 426 1219 546   1
333 128 747 1219 426   1
334 339 746 1219 747   1
335 188 546 1219 746   1
336  18 1028 1220 429   1
337 263 748 1220 1028   1
338 340 751 1220 748   1
339 129 429 1220 751   1
340  19 431 1221 1029   1
341 130 749 1221 431   1
342 340 748 1221 749   1
343 263 1029 1221 748   1
344  86 545 1222 430   1
345 187 750 1222 545   1
346 340 749 1222 750   1
347 130 430 1222 749   1
348  85 428 1223 544   1
349 129 751 1223 428   1
350 340 750 1223 751   1
351 187 544 1223 750   1
352  19 1030 1224 431   1
353 264 752 1224 1030   1
354 341 755 1224 752   1
355 130 431 1224 755   1
356  20 433 1225 1031   1
357 131 753 1225 433   1
358 341 752 1225 753   1
359 264 1031 1225 752   1
360  87 571 1226 432   1
361 200 754 1226 571   1
362 341 753 1226 754   1
363 131 432 1226 753   1
364  86 430 1227 570   1
365 130 755 1227 430   1
366 341 754 1227 755   1
367 200 570 1227 754   1
368  20 1032 1228 433   1
369 265 756 1228 1032   1
370 342 759 1228 756   1
371 131 433 1228 759   1
372  21 435 1229 1033   1
373 132 757 1229 435   1
374 342 756 1229 757   1
375 265 1033 1229 756   1
376  88 559 1230 434   1
377 194 758 1230 559   1
378 342 757 1230 758   1
379 132 434 1230 757   1
380  87 432 1231 558   1
381 131 759 1231 432   1
382 342 758 1231 759   1
383 194 558 1231 758   1
384  21 1034 1232 435   1
385 266 760 1232 1034   1
386 343 763 1232 760   1
387 132 435 1232 763   1
388  22 437 1233 1035   1
389 133 761 1233 437   1
390 343 760 1233 761   1
391 266 1035 1233 760   1
392  89 529 1234 436   1
393 179 762 1234 529   1
394 343 761 1234 762   1
395 133 436 1234 761   1
396  88 434 1235 528   1
397 132 763 1235 434   1
398 343 762 1235 763   1
399 179 528 1235 762   1
400  22 1036 1236 437   1
401 267 764 1236 1036   1
402 344 767 1236 764   1
403 133 437 1236 767   1
404  23 439 1237 1037   1
405 134 765 1237 439   1
406 344 764 1237 765   1
407 267 1037 1237 764   1
408  90 535 1238 438   1
409 182 766 1238 535   1
410 344 765 1238 766   1
411 134 438 1238 765   1
412  89 436 1239 534   1
413 133 767 1239 436   1
414 344 766 1239 767   1
415 182 534 1239 766   1
416  23 1038 1240 439   1
417 268 768 1240 1038   1
418 345 771 1240 768   1
419 134 439 1240 771   1
420  24 441 1241 1039   1
421 135 769 1241 441   1
422 345 768 1241 769   1
423 268 1039 1241 768   1
424  91 585 1242 440   1
425 207 770 1242 585   1
426 345 769 1242 770   1
427 135 440 1242 769   1
428  90 438 1243 584   1
429 134 771 1243 438   1
430 345 770 1243 771   1
431 207 584 1243 770   1
432  24 1040 1244 441   1
433 269 772 1244 1040   1
434 346 775 1244 772   1
435 135 441 1244 775   1
436  25 443 1245 1041   1
437 136 773 1245 443   1
438 346 772 1245 773   1
439 269 1041 1245 772   1
440  33 539 1246 442   1
441 184 774 1246 539   1
442 346 773 1246 774   1
443 136 442 1246 773   1
444  91 440 1247 538   1
445 135 775 1247 440   1
446 346 774 1247 775   1
447 184 538 1247 774   1
448  25 1042 1248 443   1
449 270 776 1248 1042   1
450 347 779 1248 776   1
451 136 443 1248 779   1
452  26 445 1249 1043   1
453 137 777 1249 445   1
454 347 776 1249 777   1
455 270 1043 1249 776   1
456  32 1056 1250 444   1
457 277 778 1250 1056   1
458 347 777 1250 778   1
459 137 444 1250 777   1
460  33 442 1251 1057   1
461 136 779 1251 442   1
462 347 778 1251 779   1
463 277 1057 1251 778   1
464  26 1044 1252 445   1
465 271 780 1252 1044   1
466 348 783 1252 780   1
467 137 445 1252 783   1
468  27 447 1253 1045   1
469 138 781 1253 447   1
470 348 780 1253 781   1
471 271 1045 1253 780   1
472  92 453 1254 446   1
473 141 782 1254 453   1
474 348 781 1254 782   1
475 138 446 1254 781   1
476  32 444 1255 452   1
477 137 783 1255 444   1
478 348 782 1255 783   1
479 141 452 1255 782   1
480  27 1046 1256 447   1
481 272 784 1256 1046   1
482 349 787 1256 784   1
483 138 447 1256 787   1
484  28 1048 1257 1047   1
485 273 785 1257 1048   1
486 349 784 1257 785   1
487 272 1047 1257 784   1
488  29 449 1258 1049   1
489 139 786 1258 449   1
490 349 785 1258 786   1
491 273 1049 1258 785   1
492  92 446 1259 448   1
493 138 787 1259 446   1
494 349 786 1259 787   1
495 139 448 1259 786   1
496  29 1050 1260 449   1
497 274 788 1260 1050   1
498 350 791 1260 788   1
499 139 449 1260 791   1
500  30 1052 1261 1051   1
501 275 789 1261 1052   1
502 350 788 1261 789   1
503 274 1051 1261 788   1
504  31 451 1262 1053   1
505 140 790 1262 451   1
506 350 789 1262 790   1
507 275 1053 1262 789   1
508  92 448 1263 450   1
509 139 791 1263 448   1
510 350 790 1263 791   1
511 140 450 1263 790   1
512  34 1060 1264 536   1
513 279 792 1264 1060   1
514 351 795 1264 792   1
515 183 536 1264 795   1
516  35 455 1265 1061   1
517 142 793 1265 455   1
518 351 792 1265 793   1
519 279 1061 1265 792   1
520  93 583 1266 454   1
521 206 794 1266 583   1
522 351 793 1266 794   1
523 142 454 1266 793   1
524  91 537 1267 582   1
525 183 795 1267 537   1
526 351 794 1267 795   1
527 206 582 1267 794   1
528  35 1062 1268 455   1
529 280 796 1268 1062   1
530 352 799 1268 796   1
531 142 455 1268 799   1
532  36 513 1269 1063   1
533 171 797 1269 513   1
534 352 796 1269 797   1
535 280 1063 1269 796   1
536  90 581 1270 512   1
537 205 798 1270 581   1
538 352 797 1270 798   1
539 171 512 1270 797   1
540  93 454 1271 580   1
541 142 799 1271 454   1
542 352 798 1271 799   1
543 205 580 1271 798   1
544  36 1064 1272 516   1
545 281 800 1272 1064   1
546 353 803 1272 800   1
547 173 516 1272 803   1
548  37 457 1273 1065   1
549 143 801 1273 457   1
550 353 800 1273 801   1
551 281 1065 1273 800   1
552  68 1132 1274 456   1
553 315 802 1274 1132   1
554 353 801 1274 802   1
555 143 456 1274 801   1
556  69 517 1275 1133   1
557 173 803 1275 517   1
558 353 802 1275 803   1
559 315 1133 1275 802   1
560  37 1066 1276 457   1
561 282 804 1276 1066   1
562 354 807 1276 804   1
563 143 457 1276 807   1
564  38 459 1277 1067   1
565 144 805 1277 459   1
566 354 804 1277 805   1
567 282 1067 1277 804   1
568  67 1130 1278 458   1
569 314 806 1278 1130   1
570 354 805 1278 806   1
571 144 458 1278 805   1
572  68 456 1279 1131   1
573 143 807 1279 456   1
574 354 806 1279 807   1
575 314 1131 1279 806   1
576  38 1068 1280 459   1
577 283 808 1280 1068   1
578 355 811 1280 808   1
579 144 459 1280 811   1
580  39 461 1281 1069   1
581 145 809 1281 461   1
582 355 808 1281 809   1
583 283 1069 1281 808   1
584  66 1128 1282 460   1
585 313 810 1282 1128   1
586 355 809 1282 810   1
587 145 460 1282 809   1
588  67 458 1283 1129   1
589 144 811 1283 458   1
590 355 810 1283 811   1
591 313 1129 1283 810   1
592  39 1070 1284 461   1
593 284 812 1284 1070   1
594 356 815 1284 812   1
595 145 461 1284 815   1
596  40 463 1285 1071   1
597 146 813 1285 463   1
598 356 812 1285 813   1
599 284 1071 1285 812   1
600  65 1126 1286 462   1
601 312 814 1286 1126   1
602 356 813 1286 814   1
603 146 462 1286 813   1
604  66 460 1287 1127   1
605 145 815 1287 460   1
606 356 814 1287 815   1
607 312 1127 1287 814   1
608  41 1074 1288 465   1
609 286 816 1288 1074   1
610 357 819 1288 816   1
611 147 465 1288 819   1
612  42 467 1289 1075   1
613 148 817 1289 467   1
614 357 816 1289 817   1
615 286 1075 1289 816   1
616  64 1124 1290 466   1
617 311 818 1290 1124   1
618 357 817 1290 818   1
619 148 466 1290 817   1
620  65 464 1291 1125   1
621 147 819 1291 464   1
622 357 818 1291 819   1
623 311 1125 1291 818   1
624  42 1076 1292 467   1
625 287 820 1292 1076   1
626 358 823 1292 820   1
627 148 467 1292 823   1
628  43 469 1293 1077   1
629 149 821 1293 469   1
630 358 820 1293 821   1
631 287 1077 1293 820   1
632  63 1122 1294 468   1
633 310 822 1294 1122   1
634 358 821 1294 822   1
635 149 468 1294 821   1
636  64 466 1295 1123   1
637 148 823 1295 466   1
638 358 822 1295 823   1
639 310 1123 1295 822   1
640  44 1080 1296 471   1
641 289 824 1296 1080   1
642 359 827 1296 824   1
643 150 471 1296 827   1
644  45 519 1297 1081   1
645 174 825 1297 519   1
646 359 824 1297 825   1
647 289 1081 1297 824   1
648  94 523 1298 518   1
649 176 826 1298 523   1
650 359 825 1298 826   1
651 174 518 1298 825   1
652  63 470 1299 522   1
653 150 827 1299 470   1
654 359 826 1299 827   1
655 176 522 1299 826   1
656  45 1082 1300 520   1
657 290 828 1300 1082   1
658 360 831 1300 828   1
659 175 520 1300 831   1
660  46 473 1301 1083   1
661 151 829 1301 473   1
662 360 828 1301 829   1
663 290 1083 1301 828   1
664  88 531 1302 472   1
665 180 830 1302 531   1
666 360 829 1302 830   1
667 151 472 1302 829   1
668  95 521 1303 530   1
669 175 831 1303 521   1
670 360 830 1303 831   1
671 180 530 1303 830   1
672  46 1084 1304 473   1
673 291 832 1304 1084   1
674 361 835 1304 832   1
675 151 473 1304 835   1
676  47 475 1305 1085   1
677 152 833 1305 475   1
678 361 832 1305 833   1
679 291 1085 1305 832   1
680  96 599 1306 474   1
681 214 834 1306 599   1
682 361 833 1306 834   1
683 152 474 1306 833   1
684  88 472 1307 598   1
685 151 835 1307 472   1
686 361 834 1307 835   1
687 214 598 1307 834   1
688  47 1086 1308 475   1
689 292 836 1308 1086   1
690 362 839 1308 836   1
691 152 475 1308 839   1
692  48 477 1309 1087   1
693 153 837 1309 477   1
694 362 836 1309 837   1
695 292 1087 1309 836   1
696  97 601 1310 476   1
697 215 838 1310 601   1
698 362 837 1310 838   1
699 153 476 1310 837   1
700  96 474 1311 600   1
701 152 839 1311 474   1
702 362 838 1311 839   1
703 215 600 1311 838   1
704  48 1088 1312 477   1
705 293 840 1312 1088   1
706 363 843 1312 840   1
707 153 477 1312 843   1
708  49 479 1313 1089   1
709 154 841 1313 479   1
710 363 840 1313 841   1
711 293 1089 1313 840   1
712  98 643 1314 478   1
713 236 842 1314 643   1
714 363 841 1314 842   1
715 154 478 1314 841   1
716  97 476 1315 642   1
717 153 843 1315 476   1
718 363 842 1315 843   1
719 236 642 1315 842   1
720  49 1090 1316 479   1
721 294 844 1316 1090   1
722 364 847 1316 844   1
723 154 479 1316 847   1
724  50 481 1317 1091   1
725 155 845 1317 481   1
726 364 844 1317 845   1
727 294 1091 1317 844   1
728  99 563 1318 480   1
729 196 846 1318 563   1
730 364 845 1318 846   1
731 155 480 1318 845   1
732  98 478 1319 562   1
733 154 847 1319 478   1
734 364 846 1319 847   1
735 196 562 1319 846   1
736  50 1092 1320 481   1
737 295 848 1320 1092   1
738 365 851 1320 848   1
739 155 481 1320 851   1
740  51 483 1321 1093   1
741 156 849 1321 483   1
742 365 848 1321 849   1
743 295 1093 1321 848   1
744 100 553 1322 482   1
745 191 850 1322 553   1
746 365 849 1322 850   1
747 156 482 1322 849   1
748  99 480 1323 552   1
749 155 851 1323 480   1
750 365 850 1323 851   1
751 191 552 1323 850   1
752  51 1094 1324 483   1
753 296 852 1324 1094   1
754 366 855 1324 852   1
755 156 483 1324 855   1
756  52 485 1325 1095   1
757 157 853 1325 485   1
758 366 852 1325 853   1
759 296 1095 1325 852   1
760 101 549 1326 484   1
761 189 854 1326 549   1
762 366 853 1326 854   1
763 157 484 1326 853   1
764 100 482 1327 548   1
765 156 855 1327 482   1
766 366 854 1327 855   1
767 189 548 1327 854   1
768  52 1096 1328 485   1
769 297 856 1328 1096   1
770 367 859 1328 856   1
771 157 485 1328 859   1
772  53 487 1329 1097   1
773 158 857 1329 487   1
774 367 856 1329 857   1
775 297 1097 1329 856   1
776 102 565 1330 486   1
777 197 858 1330 565   1
778 367 857 1330 858   1
779 158 486 1330 857   1
780 101 484 1331 564   1
781 157 859 1331 484   1
782 367 858 1331 859   1
783 197 564 1331 858   1
784  53 1098 1332 487   1
785 298 860 1332 1098   1
786 368 863 1332 860   1
787 158 487 1332 863   1
788  54 489 1333 1099   1
789 159 861 1333 489   1
790 368 860 1333 861   1
791 298 1099 1333 860   1
792 103 575 1334 488   1
793 202 862 1334 575   1
794 368 861 1334 862   1
795 159 488 1334 861   1
796 102 486 1335 574   1
797 158 863 1335 486   1
798 368 862 1335 863   1
799 202 574 1335 862   1
800  54 1100 1336 489   1
801 299 864 1336 1100   1
802 369 867 1336 864   1
803 159 489 1336 867   1
804  55 491 1337 1101   1
805 160 865 1337 491   1
806 369 864 1337 865   1
807 299 1101 1337 864   1
808 104 567 1338 490   1
809 198 866 1338 567   1
810 369 865 1338 866   1
811 160 490 1338 865   1
812 103 488 1339 566   1
813 159 867 1339 488   1
814 369 866 1339 867   1
815 198 566 1339 866   1
816  55 1102 1340 491   1
817 300 868 1340 1102   1
818 370 871 1340 868   1
819 160 491 1340 871   1
820  56 493 1341 1103   1
821 161 869 1341 493   1
822 370 868 1341 869   1
823 300 1103 1341 868   1
824 105 579 1342 492   1
825 204 870 1342 579   1
826 370 869 1342 870   1
827 161 492 1342 869   1
828 104 490 1343 578   1
829 160 871 1343 490   1
830 370 870 1343 871   1
831 204 578 1343 870   1
832  56 1104 1344 493   1
833 301 872 1344 1104   1
834 371 875 1344 872   1
835 161 493 1344 875   1
836  57 495 1345 1105   1
837 162 873 1345 495   1
838 371 872 1345 873   1
839 301 1105 1345 872   1
840 106 629 1346 494   1
841 229 874 1346 629   1
842 371 873 1346 874   1
843 162 494 1346 873   1
844 105 492 1347 628   1
845 161 875 1347 492   1
846 371 874 1347 875   1
847 229 628 1347 874   1
848  57 1106 1348 495   1
849 302 876 1348 1106   1
850 372 879 1348 876   1
851 162 495 1348 879   1
852  58 497 1349 1107   1
853 163 877 1349 497   1
854 372 876 1349 877   1
855 302 1107 1349 876   1
856 107 625 1350 496   1
857 227 878 1350 625   1
858 372 877 1350 878   1
859 163 496 1350 877   1
860 106 494 1351 624   1
861 162 879 1351 494   1
862 372 878 1351 879   1
863 227 624 1351 878   1
864  58 1108 1352 497   1
865 303 880 1352 1108   1
866 373 883 1352 880   1
867 163 497 1352 883   1
868  59 499 1353 1109   1
869 164 881 1353 499   1
870 373 880 1353 881   1
871 303 1109 1353 880   1
872 108 637 1354 498   1
873 233 882 1354 637   1
874 373 881 1354 882   1
875 164 498 1354 881   1
876 107 496 1355 636   1
877 163 883 1355 496   1
878 373 882 1355 883   1
879 233 636 1355 882   1
880  59 1110 1356 499   1
881 304 884 1356 1110   1
882 374 887 1356 884   1
883 164 499 1356 887   1
884  60 501 1357 1111   1
885 165 885 1357 501   1
886 374 884 1357 885   1
887 304 1111 1357 884   1
888 109 621 1358 500   1
889 225 886 1358 621   1
890 374 885 1358 886   1
891 165 500 1358 885   1
892 108 498 1359 620   1
893 164 887 1359 498   1
894 374 886 1359 887   1
895 225 620 1359 886   1
896  60 1112 1360 501   1
897 305 888 1360 1112   1
898 375 891 1360 888   1
899 165 501 1360 891   1
900  61 503 1361 1113   1
901 166 889 1361 503   1
902 375 888 1361 889   1
903 305 1113 1361 888   1
904 110 633 1362 502   1
905 231 890 1362 633   1
906 375 889 1362 890   1
907 166 502 1362 889   1
908 109 500 1363 632   1
909 165 891 1363 500   1
910 375 890 1363 891   1
911 231 632 1363 890   1
912  61 1114 1364 503   1
913 306 892 1364 1114   1
914 376 895 1364 892   1
915 166 503 1364 895   1
916   0 505 1365 1115   1
917 167 893 1365 505   1
918 376 892 1365 893   1
919 306 1115 1365 892   1
920 111 609 1366 504   1
921 219 894 1366 609   1
922 376 893 1366 894   1
923 167 504 1366 893   1
924 110 502 1367 608   1
925 166 895 1367 502   1
926 376 894 1367 895   1
927 219 608 1367 894   1
928   0 1116 1368 505   1
929 307 896 1368 1116   1
930 377 899 1368 896   1
931 167 505 1368 899   1
932   1 507 1369 1117   1
933 168 897 1369 507   1
934 377 896 1369 897   1
935 307 1117 1369 896   1
936 112 603 1370 506   1
937 216 898 1370 603   1
938 377 897 1370 898   1
939 168 506 1370 897   1
940 111 504 1371 602   1
941 167 899 1371 504   1
942 377 898 1371 899   1
943 216 602 1371 898   1
944   1 1118 1372 507   1
945 308 900 1372 1118   1
946 378 903 1372 900   1
947 168 507 1372 903   1
948   2 541 1373 1119   1
949 185 901 1373 541   1
950 378 900 1373 901   1
951 308 1119 1373 900   1
952  76 589 1374 540   1
953 209 902 1374 589   1
954 378 901 1374 902   1
955 185 540 1374 901   1
956 112 506 1375 588   1
957 168 903 1375 506   1
958 378 902 1375 903   1
959 209 588 1375 902   1
960  94 524 1376 606   1
961 177 904 1376 524   1
962 379 907 1376 904   1
963 218 606 1376 907   1
964  95 527 1377 525   1
965 178 905 1377 527   1
966 379 904 1377 905   1
967 177 525 1377 904   1
968  89 533 1378 526   1
969 181 906 1378 533   1
970 379 905 1378 906   1
971 178 526 1378 905   1
972 114 607 1379 532   1
973 218 907 1379 607   1
974 379 906 1379 907   1
975 181 532 1379 906   1
976  74 662 1380 661   1
977 246 908 1380 662   1
978 380 911 1380 908   1
979 245 661 1380 911   1
980  71 638 1381 663   1
981 234 909 1381 638   1
982 380 908 1381 909   1
983 246 663 1381 908   1
984  72 640 1382 639   1
985 235 910 1382 640   1
986 380 909 1382 910   1
987 234 639 1382 909   1
988  73 660 1383 641   1
989 245 911 1383 660   1
990 380 910 1383 911   1
991 235 641 1383 910   1
992  75 658 1384 657   1
993 244 912 1384 658   1
994 381 915 1384 912   1
995 243 657 1384 915   1
996  70 630 1385 659   1
997 230 913 1385 630   1
998 381 912 1385 913   1
999 244 659 1385 912   1
1000  71 663 1386 631   1
1001 246 914 1386 663   1
1002 381 913 1386 914   1
1003 230 631 1386 913   1
1004  74 656 1387 662   1
1005 243 915 1387 656   1
1006 381 914 1387 915   1
1007 246 662 1387 914   1
1008 108 634 1388 637   1
1009 232 916 1388 634   1
1010 382 919 1388 916   1
1011 233 637 1388 919   1
1012 115 627 1389 635   1
1013 228 917 1389 627   1
1014 382 916 1389 917   1
1015 232 635 1389 916   1
1016 106 624 1390 626   1
1017 227 918 1390 624   1
1018 382 917 1390 918   1
1019 228 626 1390 917   1
1020 107 636 1391 625   1
1021 233 919 1391 636   1
1022 382 918 1391 919   1
1023 227 625 1391 918   1
1024 114 604 1392 607   1
1025 217 920 1392 604   1
1026 383 923 1392 920   1
1027 218 607 1392 923   1
1028  62 1120 1393 605   1
1029 309 921 1393 1120   1
1030 383 920 1393 921   1
1031 217 605 1393 920   1
1032  63 522 1394 1121   1
1033 176 922 1394 522   1
1034 383 921 1394 922   1
1035 309 1121 1394 921   1
1036  94 606 1395 523   1
1037 218 923 1395 606   1
1038 383 922 1395 923   1
1039 176 523 1395 922   1
1040  62 605 1396 1135   1
1041 217 924 1396 605   1
1042 384 927 1396 924   1
1043 316 1135 1396 927   1
1044 114 514 1397 604   1
1045 172 925 1397 514   1
1046 384 924 1397 925   1
1047 217 604 1397 924   1
1048  36 516 1398 515   1
1049 173 926 1398 516   1
1050 384 925 1398 926   1
1051 172 515 1398 925   1
1052  69 1134 1399 517   1
1053 316 927 1399 1134   1
1054 384 926 1399 927   1
1055 173 517 1399 926   1
1056 110 651 1400 633   1
1057 240 928 1400 651   1
1058 385 931 1400 928   1
1059 231 633 1400 931   1
1060 115 635 1401 650   1
1061 232 929 1401 635   1
1062 385 928 1401 929   1
1063 240 650 1401 928   1
1064 108 620 1402 634   1
1065 225 930 1402 620   1
1066 385 929 1402 930   1
1067 232 634 1402 929   1
1068 109 632 1403 621   1
1069 231 931 1403 632   1
1070 385 930 1403 931   1
1071 225 621 1403 930   1
1072 113 654 1404 653   1
1073 242 932 1404 654   1
1074 386 935 1404 932   1
1075 241 653 1404 935   1
1076 105 628 1405 655   1
1077 229 933 1405 628   1
1078 386 932 1405 933   1
1079 242 655 1405 932   1
1080 106 626 1406 629   1
1081 228 934 1406 626   1
1082 386 933 1406 934   1
1083 229 629 1406 933   1
1084 115 652 1407 627   1
1085 241 935 1407 652   1
1086 386 934 1407 935   1
1087 228 627 1407 934   1
1088  78 610 1408 613   1
1089 220 936 1408 610   1
1090 387 939 1408 936   1
1091 221 613 1408 939   1
1092 112 588 1409 611   1
1093 209 937 1409 588   1
1094 387 936 1409 937   1
1095 220 611 1409 936   1
1096  76 586 1410 589   1
1097 208 938 1410 586   1
1098 387 937 1410 938   1
1099 209 589 1410 937   1
1100  77 612 1411 587   1
1101 221 939 1411 612   1
1102 387 938 1411 939   1
1103 208 587 1411 938   1
1104  75 622 1412 658   1
1105 226 940 1412 622   1
1106 388 943 1412 940   1
1107 244 658 1412 943   1
1108  76 540 1413 623   1
1109 185 941 1413 540   1
1110 388 940 1413 941   1
1111 226 623 1413 940   1
1112   2 542 1414 541   1
1113 186 942 1414 542   1
1114 388 941 1414 942   1
1115 185 541 1414 941   1
1116  70 659 1415 543   1
1117 244 943 1415 659   1
1118 388 942 1415 943   1
1119 186 543 1415 942   1
1120  79 619 1416 511   1
1121 224 944 1416 619   1
1122 389 947 1416 944   1
1123 170 511 1416 947   1
1124 113 617 1417 618   1
1125 223 945 1417 617   1
1126 389 944 1417 945   1
1127 224 618 1417 944   1
1128  78 508 1418 616   1
1129 169 946 1418 508   1
1130 389 945 1418 946   1
1131 223 616 1418 945   1
1132  12 510 1419 509   1
1133 170 947 1419 510   1
1134 389 946 1419 947   1
1135 169 509 1419 946   1
1136 113 618 1420 654   1
1137 224 948 1420 618   1
1138 390 951 1420 948   1
1139 242 654 1420 951   1
1140  79 595 1421 619   1
1141 212 949 1421 595   1
1142 390 948 1421 949   1
1143 224 619 1421 948   1
1144 104 578 1422 594   1
1145 204 950 1422 578   1
1146 390 949 1422 950   1
1147 212 594 1422 949   1
1148 105 655 1423 579   1
1149 242 951 1423 655   1
1150 390 950 1423 951   1
1151 204 579 1423 950   1
1152 113 614 1424 617   1
1153 222 952 1424 614   1
1154 391 955 1424 952   1
1155 223 617 1424 955   1
1156 111 602 1425 615   1
1157 216 953 1425 602   1
1158 391 952 1425 953   1
1159 222 615 1425 952   1
1160 112 611 1426 603   1
1161 220 954 1426 611   1
1162 391 953 1426 954   1
1163 216 603 1426 953   1
1164  78 616 1427 610   1
1165 223 955 1427 616   1
1166 391 954 1427 955   1
1167 220 610 1427 954   1
1168  89 534 1428 533   1
1169 182 956 1428 534   1
1170 392 959 1428 956   1
1171 181 533 1428 959   1
1172  90 512 1429 535   1
1173 171 957 1429 512   1
1174 392 956 1429 957   1
1175 182 535 1429 956   1
1176  36 515 1430 513   1
1177 172 958 1430 515   1
1178 392 957 1430 958   1
1179 171 513 1430 957   1
1180 114 532 1431 514   1
1181 181 959 1431 532   1
1182 392 958 1431 959   1
1183 172 514 1431 958   1
1184 115 650 1432 652   1
1185 240 960 1432 650   1
1186 393 963 1432 960   1
1187 241 652 1432 963   1
1188 110 608 1433 651   1
1189 219 961 1433 608   1
1190 393 960 1433 961   1
1191 240 651 1433 960   1
1192 111 615 1434 609   1
1193 222 962 1434 615   1
1194 393 961 1434 962   1
1195 219 609 1434 961   1
1196 113 653 1435 614   1
1197 241 963 1435 653   1
1198 393 962 1435 963   1
1199 222 614 1435 962   1
1200  81 648 1436 647   1
1201 239 964 1436 648   1
1202 394 967 1436 964   1
1203 238 647 1436 967   1
1204 104 594 1437 649   1
1205 212 965 1437 594   1
1206 394 964 1437 965   1
1207 239 649 1437 964   1
1208  79 596 1438 595   1
1209 213 966 1438 596   1
1210 394 965 1438 966   1
1211 212 595 1438 965   1
1212  80 646 1439 597   1
1213 238 967 1439 646   1
1214 394 966 1439 967   1
1215 213 597 1439 966   1
1216  98 644 1440 643   1
1217 237 968 1440 644   1
1218 395 971 1440 968   1
1219 236 643 1440 971   1
1220  88 598 1441 645   1
1221 214 969 1441 598   1
1222 395 968 1441 969   1
1223 237 645 1441 968   1
1224  96 600 1442 599   1
1225 215 970 1442 600   1
1226 395 969 1442 970   1
1227 214 599 1442 969   1
1228  97 642 1443 601   1
1229 236 971 1443 642   1
1230 395 970 1443 971   1
1231 215 601 1443 970   1
1232  82 590 1444 593   1
1233 210 972 1444 590   1
1234 396 975 1444 972   1
1235 211 593 1444 975   1
1236 103 566 1445 591   1
1237 198 973 1445 566   1
1238 396 972 1445 973   1
1239 210 591 1445 972   1
1240 104 649 1446 567   1
1241 239 974 1446 649   1
1242 396 973 1446 974   1
1243 198 567 1446 973   1
1244  81 592 1447 648   1
1245 211 975 1447 592   1
1246 396 974 1447 975   1
1247 239 648 1447 974   1
1248  82 576 1448 590   1
1249 203 976 1448 576   1
1250 397 979 1448 976   1
1251 210 590 1448 979   1
1252  83 572 1449 577   1
1253 201 977 1449 572   1
1254 397 976 1449 977   1
1255 203 577 1449 976   1
1256 102 574 1450 573   1
1257 202 978 1450 574   1
1258 397 977 1450 978   1
1259 201 573 1450 977   1
1260 103 591 1451 575   1
1261 210 979 1451 591   1
1262 397 978 1451 979   1
1263 202 575 1451 978   1
1264 102 573 1452 565   1
1265 201 980 1452 573   1
1266 398 983 1452 980   1
1267 197 565 1452 983   1
1268  83 556 1453 572   1
1269 193 981 1453 556   1
1270 398 980 1453 981   1
1271 201 572 1453 980   1
1272  84 554 1454 557   1
1273 192 982 1454 554   1
1274 398 981 1454 982   1
1275 193 557 1454 981   1
1276 101 564 1455 555   1
1277 197 983 1455 564   1
1278 398 982 1455 983   1
1279 192 555 1455 982   1
1280 101 555 1456 549   1
1281 192 984 1456 555   1
1282 399 987 1456 984   1
1283 189 549 1456 987   1
1284  84 546 1457 554   1
1285 188 985 1457 546   1
1286 399 984 1457 985   1
1287 192 554 1457 984   1
1288  85 551 1458 547   1
1289 190 986 1458 551   1
1290 399 985 1458 986   1
1291 188 547 1458 985   1
1292 100 548 1459 550   1
1293 189 987 1459 548   1
1294 399 986 1459 987   1
1295 190 550 1459 986   1
1296  87 568 1460 571   1
1297 199 988 1460 568   1
1298 400 991 1460 988   1
1299 200 571 1460 991   1
1300  98 562 1461 569   1
1301 196 989 1461 562   1
1302 400 988 1461 989   1
1303 199 569 1461 988   1
1304  99 560 1462 563   1
1305 195 990 1462 560   1
1306 400 989 1462 990   1
1307 196 563 1462 989   1
1308  86 570 1463 561   1
1309 200 991 1463 570   1
1310 400 990 1463 991   1
1311 195 561 1463 990   1
1312 100 550 1464 553   1
1313 190 992 1464 550   1
1314 401 995 1464 992   1
1315 191 553 1464 995   1
1316  85 544 1465 551   1
1317 187 993 1465 544   1
1318 401 992 1465 993   1
1319 190 551 1465 992   1
1320  86 561 1466 545   1
1321 195 994 1466 561   1
1322 401 993 1466 994   1
1323 187 545 1466 993   1
1324  99 552 1467 560   1
1325 191 995 1467 552   1
1326 401 994 1467 995   1
1327 195 560 1467 994   1
node no. coordinates
   0 0.070520 0.187140 
   1 0.119810 0.142630 
   2 0.167000 0.100000 
   3 0.170000 0.050000 
   4 0.210000 0.020000 
   5 0.258340 0.020000 
   6 0.280000 0.020000 
   7 0.310000 0.050000 
   8 0.327000 0.100000 
   9 0.300000 0.150000 
  10 0.260000 0.170000 
  11 0.249240 0.198700 
  12 0.230000 0.250000 
  13 0.304180 0.250000 
  14 0.368700 0.250000 
  15 0.451410 0.250000 
  16 0.600000 0.250000 
  17 0.905530 0.330270 
  18 1.328460 0.441370 
  19 1.780000 0.560000 
  20 1.891400 0.732160 
  21 1.995000 0.893000
  22 2.061460 0.906910 
  23 2.136170 0.915320 
  24 2.219850 0.924730 
  25 2.300890 0.933850 
  26 2.358880 0.940370 
  27 2.400000 0.945000 
  28 2.450000 0.955000 
  29 2.450000 0.990000 
  30 2.450000 1.025000 
  31 2.400000 1.035000 
  32 2.359030 1.035000 
  33 2.301460 1.035000 
  34 2.240880 1.035000 
  35 2.180050 1.035000 
  36 2.140000 1.035000 
  37 2.140000 1.071010 
  38 2.140000 1.100000 
  39 2.123000 1.140000 
  40 2.090000 1.170000 
  41 2.047000 1.170000 
  42 2.015000 1.140000 
  43 2.000000 1.100000 
  44 2.000000 1.071010 
  45 2.000000 1.035000 
  46 1.954440 1.035000 
  47 1.900000 1.035000 
  48 1.828190 1.003240 
  49 1.708500 0.950300 
  50 1.509840 0.862430 
  51 1.160790 0.708040 
  52 0.784350 0.541540 
  53 0.600000 0.460000 
  54 0.430870 0.441210 
  55 0.240000 0.420000 
  56 0.157040 0.420000 
  57 0.120000 0.420000 
  58 0.057000 0.415000 
  59 0.016000 0.370000 
  60 0.000000 0.300000 
  61 0.012000 0.240000 
  62 2.070000 1.060000 
  63 2.040000 1.070000 
  64 2.031500 1.105000 
  65 2.045000 1.132000 
  66 2.075000 1.137500 
  67 2.100000 1.122800
  68 2.110000 1.100000 
  69 2.100000 1.070000 
  70 0.225820 0.069330 
  71 0.256960 0.058720 
  72 0.267310 0.055490 
  73 0.277950 0.070600 
  74 0.278790 0.091620 
  75 0.262960 0.114940 
  76 0.220400 0.145410 
  77 0.213160 0.187110 
  78 0.188320 0.228220 
  79 0.235550 0.299990 
  80 0.301910 0.292970 
  81 0.357460 0.302730 
  82 0.456290 0.306220 
  83 0.617110 0.317570 
  84 0.901130 0.392630 
  85 1.299510 0.505510 
  86 1.682020 0.626520 
  87 1.840040 0.775050 
  88 1.951600 0.939170 
  89 2.054580 0.959190 
  90 2.137320 0.968470 
  91 2.214350 0.979780 
  92 2.397990 0.991190 
  93 2.178630 0.993110 
  94 2.034750 1.029840 
  95 2.007160 0.991830 
  96 1.903840 0.982350 
  97 1.837860 0.961670 
  98 1.751630 0.894030 
  99 1.531940 0.786870 
 100 1.192980 0.643530 
 101 0.838940 0.496470 
 102 0.613900 0.411110 
 103 0.436530 0.386930 
 104 0.264620 0.365960 
 105 0.165880 0.369210 
 106 0.120390 0.370980 
 107 0.080290 0.371630 
 108 0.063030 0.341960 
 109 0.046530 0.301440 
 110 0.064590 0.267490 
 111 0.108850 0.226530 
 112 0.155390 0.182380 
 113 0.171810 0.285160 
 114 2.083150 1.009760 
 115 0.112030 0.312480 
 116 0.216630 0.046300 
 117 0.254960 0.039330 
 118 0.272890 0.041930 
 119 0.290800 0.063130 
 120 0.299210 0.097620 
 121 0.281310 0.131820 
 122 0.246490 0.157350 
 123 0.228220 0.193090 
 124 0.302790 0.274250 
 125 0.370020 0.275150 
 126 0.459710 0.275440 
 127 0.619220 0.285580 
 128 0.916010 0.359710 
 129 1.323670 0.467410 
 130 1.722610 0.584880 
 131 1.870770 0.748640 
 132 1.977930 0.902040 
 133 2.058800 0.932130 
 134 2.134960 0.940370 
 135 2.217160 0.952900 
 136 2.298150 0.980620 
 137 2.355790 0.984230 
 138 2.398480 0.969050 
 139 2.422910 0.988510 
 140 2.400020 1.012160 
 141 2.378450 1.004380 
 142 2.180330 1.010930 
 143 2.123700 1.085120 
 144 2.118050 1.114720 
 145 2.096500 1.140000 
 146 2.065000 1.150000 
 147 2.045590 1.147980 
 148 2.024640 1.119310 
 149 2.018460 1.088230 
 150 2.017900 1.069050 
 151 1.958870 0.995870 
 152 1.903500 1.004660 
 153 1.830810 0.978370 
 154 1.709990 0.922120 
 155 1.500430 0.828520 
 156 1.168110 0.681820 
 157 0.821750 0.529620 
 158 0.608890 0.442860 
 159 0.431160 0.415830 
 160 0.256690 0.398390 
 161 0.163520 0.396890 
 162 0.118820 0.396270 
 163 0.071140 0.388520 
 164 0.040510 0.354960 
 165 0.027600 0.301230 
 166 0.040270 0.252840 
 167 0.087110 0.206110 
 168 0.138120 0.161880 
 169 0.209630 0.240910 
 170 0.233760 0.272880 
 171 2.133390 0.999080 
 172 2.108540 1.016630 
 173 2.115430 1.053570 
 174 2.016570 1.034480 
 175 1.998940 1.011740 
 176 2.038350 1.049360 
 177 2.023370 1.009920 
 178 2.027520 0.976110 
 179 2.013290 0.948340 
 180 1.990330 0.974700 
 181 2.073530 0.985470 
 182 2.097000 0.961870 
 183 2.229160 1.008570 
 184 2.257020 0.998020 
 185 0.195690 0.122040 
 186 0.201580 0.082810 
 187 1.506770 0.564690 
 188 1.092050 0.447270 
 189 1.007140 0.566160 
 190 1.246430 0.574290 
 191 1.374170 0.718250 
 192 0.870230 0.444160 
 193 0.743980 0.348330 
 194 1.896220 0.852800 
 195 1.606410 0.706680 
 196 1.646300 0.841890 
 197 0.714670 0.445220 
 198 0.349440 0.378660 
 199 1.788150 0.828270 
 200 1.777370 0.699990 
 201 0.615910 0.364130 
 202 0.523530 0.395510 
 203 0.526020 0.307980 
 204 0.202480 0.369030 
 205 2.161510 0.984670 
 206 2.192680 0.987390 
 207 2.174410 0.965580 
 208 0.215970 0.170150 
 209 0.184910 0.161830 
 210 0.446600 0.347280 
 211 0.401340 0.305090 
 212 0.242380 0.331360 
 213 0.272440 0.298180 
 214 1.919350 0.967510 
 215 1.872290 0.970820 
 216 0.131290 0.204590 
 217 2.079490 1.035870 
 218 2.057660 1.018090 
 219 0.085200 0.247420 
 220 0.171170 0.206480 
 221 0.200890 0.204110 
 222 0.139300 0.252120 
 223 0.181510 0.253210 
 224 0.205280 0.295230 
 225 0.054100 0.319980 
 226 0.244830 0.127280 
 227 0.098180 0.371280 
 228 0.119660 0.341580 
 229 0.141360 0.369940 
 230 0.244010 0.062320 
 231 0.053270 0.286420 
 232 0.086650 0.327280 
 233 0.072450 0.359060 
 234 0.263100 0.056950 
 235 0.271640 0.063610 
 236 1.804540 0.939080 
 237 1.853320 0.914180 
 238 0.324580 0.298560 
 239 0.318060 0.333710 
 240 0.090860 0.287880 
 241 0.140130 0.299270 
 242 0.171740 0.331170 
 243 0.273500 0.103240 
 244 0.242990 0.093120 
 245 0.278910 0.080100 
 246 0.265230 0.077050 
 247 0.168500 0.075000 
 248 0.190000 0.035000 
 249 0.234170 0.020000 
 250 0.269170 0.020000 
 251 0.295000 0.035000 
 252 0.318500 0.075000 
 253 0.313500 0.125000 
 254 0.280000 0.160000 
 255 0.254620 0.184350 
 256 0.239620 0.224350 
 257 0.267090 0.250000 
 258 0.336440 0.250000 
 259 0.410060 0.250000 
 260 0.525710 0.250000 
 261 0.752770 0.290130 
 262 1.117000 0.385820 
 263 1.554230 0.500690 
 264 1.835700 0.646080 
 265 1.945700 0.816080 
 266 2.030730 0.903460 
 267 2.098810 0.911120 
 268 2.178010 0.920030 
 269 2.260370 0.929290 
 270 2.329880 0.937110 
 271 2.379440 0.942690 
 272 2.425000 0.950000 
 273 2.450000 0.972500 
 274 2.450000 1.007500 
 275 2.425000 1.030000 
 276 2.379520 1.035000 
 277 2.330240 1.035000 
 278 2.271170 1.035000 
 279 2.210460 1.035000 
 280 2.160020 1.035000 
 281 2.140000 1.053000 
 282 2.140000 1.085500 
 283 2.131500 1.120000 
 284 2.106500 1.155000 
 285 2.068500 1.170000 
 286 2.031000 1.155000 
 287 2.007500 1.120000 
 288 2.000000 1.085500 
 289 2.000000 1.053000 
 290 1.977220 1.035000 
 291 1.927220 1.035000 
 292 1.864100 1.019120 
 293 1.768350 0.976770 
 294 1.609170 0.906370 
 295 1.335320 0.785240 
 296 0.972570 0.624790 
 297 0.692170 0.500770 
 298 0.515440 0.450600 
 299 0.335440 0.430600 
 300 0.198520 0.420000 
 301 0.138520 0.420000 
 302 0.088500 0.417500 
 303 0.036500 0.392500 
 304 0.008000 0.335000 
 305 0.006000 0.270000 
 306 0.041260 0.213570 
 307 0.095160 0.164880 
 308 0.143400 0.121310 
 309 2.055000 1.065000 
 310 2.035000 1.085000 
 311 2.035000 1.115000 
 312 2.055000 1.135000 
 313 2.088000 1.132500 
 314 2.105000 1.115000 
 315 2.105000 1.085000 
 316 2.085000 1.065000 
 317 2.384560 1.017590 
 318 2.059740 1.155940 
 319 2.013390 1.080720 
 320 2.012470 1.019090 
 321 2.009540 0.964100 
 322 2.252880 1.013470 
 323 1.849080 0.869920 
 324 2.175260 0.976720 
 325 0.193450 0.059310 
 326 0.237620 0.040890 
 327 0.265090 0.039400 
 328 0.281990 0.050580 
 329 0.297160 0.079580 
 330 0.293150 0.115470 
 331 0.263730 0.144390 
 332 0.236210 0.174080 
 333 0.218300 0.216020 
 334 0.267690 0.274500 
 335 0.335510 0.274640 
 336 0.410120 0.275490 
 337 0.527010 0.276440 
 338 0.751790 0.316580 
 339 1.111620 0.411700 
 340 1.538530 0.524410 
 341 1.813690 0.665610 
 342 1.925890 0.833310 
 343 2.021180 0.926380 
 344 2.096460 0.936160 
 345 2.175540 0.944850 
 346 2.259090 0.966940 
 347 2.329500 0.985520 
 348 2.377020 0.976170 
 349 2.423620 0.969190 
 350 2.423690 1.008930 
 351 2.203930 1.009610 
 352 2.157610 1.006770 
 353 2.121950 1.068890 
 354 2.122350 1.100400 
 355 2.108250 1.127500 
 356 2.080750 1.145000 
 357 2.033180 1.134920 
 358 2.021120 1.102620 
 359 2.018770 1.052410 
 360 1.980500 1.002200 
 361 1.932470 1.000780 
 362 1.870260 0.995160 
 363 1.778380 0.954230 
 364 1.618320 0.880510 
 365 1.344660 0.759260 
 366 0.985990 0.601710 
 367 0.703710 0.477590 
 368 0.520050 0.425820 
 369 0.339310 0.406190 
 370 0.201220 0.396420 
 371 0.139450 0.396740 
 372 0.094470 0.394250 
 373 0.053860 0.374660 
 374 0.031860 0.328680 
 375 0.030420 0.276580 
 376 0.061580 0.229320 
 377 0.112230 0.183710 
 378 0.166810 0.141230 
 379 2.045580 0.995890 
 380 0.268130 0.070890 
 381 0.256810 0.084220 
 382 0.095000 0.349090 
 383 2.058910 1.041200 
 384 2.099200 1.041560 
 385 0.072080 0.305180 
 386 0.144810 0.335170 
 387 0.192820 0.184210 
 388 0.221600 0.105950 
 389 0.206780 0.266090 
 390 0.203660 0.332450 
 391 0.155460 0.229960 
 392 2.104120 0.989410 
 393 0.115350 0.270620 
 394 0.288110 0.318150 
 395 1.864280 0.945650 
 396 0.375370 0.342510 
 397 0.525080 0.352130 
 398 0.729800 0.396170 
 399 1.049750 0.506530 
 400 1.709990 0.769840 
 401 1.440550 0.641220 
 402 0.220400 0.057990 
 403 0.213530 0.034590 
 404 0.255190 0.049130 
 405 0.255330 0.029630 
 406 0.269550 0.050130 
 407 0.276810 0.032430 
 408 0.283070 0.067750 
 409 0.299780 0.057540 
 410 0.288220 0.095350 
 411 0.311120 0.098900 
 412 0.272090 0.123730 
 413 0.290070 0.139630 
 414 0.236230 0.151240 
 415 0.254780 0.164100 
 416 0.219330 0.189640 
 417 0.238230 0.196900 
 418 0.302320 0.285140 
 419 0.303040 0.262250 
 420 0.366300 0.288520 
 421 0.370530 0.262500 
 422 0.459150 0.289850 
 423 0.458890 0.262500 
 424 0.619460 0.301230 
 425 0.617620 0.271360 
 426 0.911320 0.374950 
 427 0.917350 0.346410 
 428 1.314530 0.483900 
 429 1.328070 0.454420 
 430 1.701930 0.603200 
 431 1.736490 0.573560 
 432 1.857550 0.760060 
 433 1.881190 0.739990 
 434 1.967380 0.913810 
 435 1.987100 0.892840 
 436 2.056810 0.944730 
 437 2.060690 0.919590 
 438 2.135080 0.953200 
 439 2.135900 0.927870 
 440 2.215920 0.966470 
 441 2.218420 0.939020 
 442 2.298110 1.004470 
 443 2.298440 0.956920 
 444 2.356220 1.006700 
 445 2.356340 0.962070 
 446 2.398100 0.980670 
 447 2.399550 0.957420 
 448 2.410140 0.989120 
 449 2.436420 0.989170 
 450 2.399200 1.001970 
 451 2.400690 1.023150 
 452 2.369750 1.014660 
 453 2.388040 0.996660 
 454 2.179360 1.000210 
 455 2.181070 1.022760 
 456 2.115910 1.092570 
 457 2.131770 1.077730 
 458 2.107500 1.120000 
 459 2.128110 1.107800 
 460 2.082910 1.138560 
 461 2.108690 1.139030 
 462 2.054180 1.140970 
 463 2.078010 1.158680 
 464 2.044720 1.139070 
 465 2.046600 1.157640 
 466 2.028280 1.109560 
 467 2.020620 1.129220 
 468 2.026940 1.080610 
 469 2.009880 1.094870 
 470 2.026890 1.069340 
 471 2.008870 1.069460 
 472 1.958170 0.974070 
 473 1.956420 1.015810 
 474 1.904270 0.991530 
 475 1.901140 1.018190 
 476 1.834480 0.968420 
 477 1.827140 0.989650 
 478 1.722650 0.908750 
 479 1.704550 0.934650 
 480 1.510910 0.810460 
 481 1.496730 0.842560 
 482 1.177710 0.665270 
 483 1.162600 0.694660 
 484 0.830840 0.515470 
 485 0.812720 0.540380 
 486 0.611840 0.429050 
 487 0.605350 0.454610 
 488 0.433280 0.402210 
 489 0.429870 0.428460 
 490 0.260390 0.384640 
 491 0.253540 0.410530 
 492 0.164820 0.383930 
 493 0.162470 0.408590 
 494 0.119590 0.383960 
 495 0.118200 0.408010 
 496 0.076630 0.378440 
 497 0.065130 0.399890 
 498 0.051800 0.348380 
 499 0.029290 0.361340 
 500 0.038840 0.301400 
 501 0.015130 0.301110 
 502 0.052580 0.259680 
 503 0.028240 0.246600 
 504 0.097160 0.215860 
 505 0.078280 0.196920 
 506 0.147090 0.171870 
 507 0.129000 0.152330 
 508 0.198870 0.235310 
 509 0.220990 0.245350 
 510 0.233420 0.260490 
 511 0.234600 0.285850 
 512 2.132890 0.983910 
 513 2.135540 1.015280 
 514 2.095370 1.011800 
 515 2.121390 1.023860 
 516 2.124790 1.044050 
 517 2.106590 1.062730 
 518 2.025170 1.032920 
 519 2.008020 1.034580 
 520 1.998460 1.023190 
 521 2.001800 1.001240 
 522 2.038580 1.059080 
 523 2.037250 1.039360 
 524 2.030050 1.019540 
 525 2.015960 1.000650 
 526 2.039410 0.968510 
 527 2.016590 0.983970 
 528 1.990520 0.944020 
 529 2.032350 0.952450 
 530 1.999360 0.983910 
 531 1.979180 0.963730 
 532 2.079410 0.998150 
 533 2.065560 0.973790 
 534 2.078110 0.960060 
 535 2.116010 0.964970 
 536 2.234810 1.021970 
 537 2.223680 0.995640 
 538 2.237430 0.988030 
 539 2.276460 1.010970 
 540 0.208010 0.133100 
 541 0.182300 0.111300 
 542 0.187320 0.091080 
 543 0.214640 0.075590 
 544 1.402760 0.536560 
 545 1.598930 0.596660 
 546 0.993180 0.420130 
 547 1.194120 0.477460 
 548 1.100850 0.603570 
 549 0.920340 0.529010 
 550 1.217710 0.610810 
 551 1.274620 0.538170 
 552 1.458400 0.751880 
 553 1.286070 0.679580 
 554 0.887970 0.417490 
 555 0.855260 0.472070 
 556 0.677350 0.331850 
 557 0.819280 0.370320 
 558 1.867970 0.814360 
 559 1.919550 0.891550 
 560 1.564320 0.748860 
 561 1.643840 0.664550 
 562 1.696820 0.865520 
 563 1.593870 0.813570 
 564 0.774190 0.468400 
 565 0.662930 0.425780 
 566 0.393170 0.382450 
 567 0.308720 0.373200 
 568 1.814550 0.799060 
 569 1.766430 0.859750 
 570 1.733370 0.664890 
 571 1.808240 0.738810 
 572 0.617510 0.340670 
 573 0.615680 0.389350 
 574 0.567980 0.401600 
 575 0.480060 0.390510 
 576 0.489560 0.307340 
 577 0.569040 0.312250 
 578 0.227980 0.368100 
 579 0.183080 0.368670 
 580 2.171630 0.989930 
 581 2.151530 0.978780 
 582 2.201350 0.984270 
 583 2.184380 0.991040 
 584 2.157170 0.965040 
 585 2.192610 0.969910 
 586 0.218010 0.159830 
 587 0.214110 0.180500 
 588 0.169530 0.172020 
 589 0.200480 0.153190 
 590 0.452280 0.326240 
 591 0.441370 0.367800 
 592 0.377300 0.304290 
 593 0.427330 0.306200 
 594 0.250340 0.347050 
 595 0.238580 0.315040 
 596 0.254030 0.299630 
 597 0.290010 0.295300 
 598 1.928370 0.956820 
 599 1.909390 0.976520 
 600 1.890350 0.977320 
 601 1.852020 0.965090 
 602 0.120460 0.215880 
 603 0.142980 0.193590 
 604 2.082300 1.023240 
 605 2.074890 1.049020 
 606 2.045420 1.024210 
 607 2.069770 1.013120 
 608 0.074400 0.257750 
 609 0.097450 0.237250 
 610 0.179590 0.218120 
 611 0.163590 0.194320 
 612 0.208230 0.193960 
 613 0.194520 0.215560 
 614 0.154870 0.266620 
 615 0.123430 0.238880 
 616 0.184730 0.240160 
 617 0.177680 0.266690 
 618 0.190260 0.291370 
 619 0.220120 0.298320 
 620 0.058510 0.331130 
 621 0.049650 0.309030 
 622 0.254370 0.120770 
 623 0.233460 0.134750 
 624 0.109170 0.371100 
 625 0.087620 0.371480 
 626 0.120300 0.356570 
 627 0.117060 0.326720 
 628 0.153040 0.369110 
 629 0.130860 0.370230 
 630 0.235690 0.065400 
 631 0.251320 0.060290 
 632 0.049190 0.295370 
 633 0.058250 0.277340 
 634 0.074620 0.334570 
 635 0.098690 0.319880 
 636 0.077080 0.366550 
 637 0.067810 0.350880 
 638 0.260710 0.057700 
 639 0.265640 0.056010 
 640 0.269340 0.058800 
 641 0.275310 0.067580 
 642 1.825010 0.952910 
 643 1.782380 0.922130 
 644 1.808870 0.903540 
 645 1.896470 0.922260 
 646 0.310610 0.295280 
 647 0.339080 0.300890 
 648 0.340140 0.317920 
 649 0.295210 0.348830 
 650 0.102650 0.299830 
 651 0.078140 0.277230 
 652 0.125110 0.306050 
 653 0.153980 0.293070 
 654 0.173110 0.310250 
 655 0.169170 0.350960 
 656 0.276840 0.097090 
 657 0.268830 0.108840 
 658 0.252630 0.104450 
 659 0.233600 0.081500 
 660 0.278630 0.074350 
 661 0.279470 0.085430 
 662 0.271270 0.084880 
 663 0.260340 0.068110 
 664 2.382390 1.024830 
 665 2.381800 1.012670 
 666 2.391030 1.015170 
 667 2.063440 1.161860 
 668 2.053550 1.152840 
 669 2.062370 1.153210 
 670 2.007720 1.082740 
 671 2.015480 1.075950 
 672 2.015690 1.083650 
 673 2.014300 1.025490 
 674 2.007040 1.016070 
 675 2.016680 1.015320 
 676 2.000750 0.967750 
 677 2.010800 0.957610 
 678 2.017490 0.969160 
 679 2.254940 1.007590 
 680 2.260560 1.022450 
 681 2.242600 1.011140 
 682 1.869920 0.862540 
 683 1.850000 0.889780 
 684 1.823650 0.852510 
 685 2.174910 0.972570 
 686 2.183040 0.980910 
 687 2.168830 0.979610 
 688 0.191610 0.047270 
 689 0.205340 0.052270 
 690 0.196580 0.071290 
 691 0.181220 0.067180 
 692 0.235730 0.030450 
 693 0.246890 0.039920 
 694 0.240220 0.051660 
 695 0.227410 0.043090 
 696 0.267080 0.029820 
 697 0.269030 0.040130 
 698 0.263690 0.048470 
 699 0.260590 0.039260 
 700 0.288450 0.042920 
 701 0.286660 0.056480 
 702 0.276440 0.057490 
 703 0.277470 0.045620 
 704 0.307720 0.077430 
 705 0.298860 0.088480 
 706 0.287460 0.080490 
 707 0.294390 0.070870 
 708 0.303300 0.120300 
 709 0.287670 0.123890 
 710 0.282960 0.109730 
 711 0.296880 0.106380 
 712 0.272010 0.152200 
 713 0.254500 0.150630 
 714 0.254520 0.136230 
 715 0.272750 0.138250 
 716 0.245480 0.179130 
 717 0.232360 0.183450 
 718 0.226450 0.171030 
 719 0.240650 0.165720 
 720 0.228880 0.220330 
 721 0.213660 0.228270 
 722 0.209040 0.210760 
 723 0.223610 0.204210 
 724 0.267320 0.262210 
 725 0.285480 0.274280 
 726 0.269260 0.286370 
 727 0.250420 0.274040 
 728 0.336280 0.262380 
 729 0.352010 0.274990 
 730 0.331790 0.286620 
 731 0.318960 0.274260 
 732 0.410530 0.262640 
 733 0.433470 0.275700 
 734 0.407420 0.289650 
 735 0.389080 0.275490 
 736 0.526870 0.263270 
 737 0.569790 0.279850 
 738 0.527630 0.291770 
 739 0.491760 0.276020 
 740 0.753230 0.303420 
 741 0.830740 0.337620 
 742 0.749760 0.332090 
 743 0.682250 0.299840 
 744 1.115140 0.398470 
 745 1.216380 0.439840 
 746 1.104290 0.428170 
 747 1.010990 0.385530 
 748 1.546780 0.511820 
 749 1.635820 0.554570 
 750 1.523510 0.542450 
 751 1.430460 0.496650 
 752 1.824780 0.655430 
 753 1.842410 0.707340 
 754 1.796580 0.680700 
 755 1.773330 0.625850 
 756 1.936030 0.824240 
 757 1.952290 0.870840 
 758 1.912320 0.842610 
 759 1.897800 0.791380 
 760 2.025790 0.914690 
 761 2.040110 0.929620 
 762 2.016630 0.937380 
 763 2.000350 0.917570 
 764 2.097580 0.923610 
 765 2.115660 0.938310 
 766 2.096260 0.949030 
 767 2.077680 0.934160 
 768 2.176740 0.932560 
 769 2.196280 0.948300 
 770 2.174850 0.956300 
 771 2.155260 0.942440 
 772 2.259780 0.948280 
 773 2.279160 0.974190 
 774 2.258050 0.983810 
 775 2.238140 0.959400 
 776 2.329540 0.961210 
 777 2.343240 0.985510 
 778 2.329660 1.010010 
 779 2.314330 0.983710 
 780 2.377960 0.959520 
 781 2.387610 0.972090 
 782 2.377340 0.991520 
 783 2.366800 0.980430 
 784 2.424300 0.959640 
 785 2.436790 0.970790 
 786 2.423230 0.978950 
 787 2.410920 0.968610 
 788 2.436770 1.008140 
 789 2.424360 1.019460 
 790 2.411410 1.010350 
 791 2.423330 0.998790 
 792 2.207370 1.022290 
 793 2.191960 1.010750 
 794 2.199140 0.997920 
 795 2.216210 1.008790 
 796 2.158540 1.020640 
 797 2.146030 1.003360 
 798 2.158570 0.994640 
 799 2.169080 1.009470 
 800 2.130800 1.060890 
 801 2.123120 1.077020 
 802 2.113330 1.076970 
 803 2.119420 1.061030 
 804 2.131120 1.092990 
 805 2.120690 1.107720 
 806 2.113620 1.107720 
 807 2.123280 1.092850 
 808 2.119850 1.123760 
 809 2.102370 1.133750 
 810 2.096620 1.131250 
 811 2.114130 1.121250 
 812 2.093540 1.150030 
 813 2.072870 1.147500 
 814 2.067870 1.140000 
 815 2.088450 1.142340 
 816 2.032130 1.144920 
 817 2.028480 1.127270 
 818 2.034210 1.124910 
 819 2.039030 1.141850 
 820 2.014320 1.111380 
 821 2.019960 1.094850 
 822 2.027990 1.093840 
 823 2.022530 1.111030 
 824 2.009310 1.052750 
 825 2.017940 1.043350 
 826 2.028320 1.051260 
 827 2.018660 1.060920 
 828 1.978540 1.018540 
 829 1.969880 0.998230 
 830 1.984140 0.987390 
 831 1.990280 1.007230 
 832 1.930340 1.017850 
 833 1.917900 1.003620 
 834 1.928900 0.983750 
 835 1.945190 0.997540 
 836 1.867180 1.007020 
 837 1.851340 0.987310 
 838 1.871740 0.983050 
 839 1.886980 1.000870 
 840 1.772590 0.965090 
 841 1.746820 0.939030 
 842 1.788610 0.945200 
 843 1.806080 0.967200 
 844 1.612560 0.893500 
 845 1.563240 0.855260 
 846 1.629110 0.862940 
 847 1.666960 0.901570 
 848 1.338860 0.772630 
 849 1.257920 0.720420 
 850 1.355930 0.740770 
 851 1.426360 0.794330 
 852 0.979440 0.614050 
 853 0.900590 0.563850 
 854 0.996120 0.585950 
 855 1.077670 0.641130 
 856 0.698470 0.489620 
 857 0.655270 0.458540 
 858 0.709860 0.463390 
 859 0.759370 0.501300 
 860 0.517830 0.438430 
 861 0.475910 0.420520 
 862 0.521980 0.411750 
 863 0.564150 0.432890 
 864 0.337370 0.418630 
 865 0.296270 0.401760 
 866 0.343700 0.392760 
 867 0.385560 0.410830 
 868 0.200220 0.408320 
 869 0.181160 0.396530 
 870 0.202690 0.383260 
 871 0.226870 0.396660 
 872 0.139000 0.408450 
 873 0.129330 0.396480 
 874 0.140340 0.383870 
 875 0.150710 0.396620 
 876 0.091510 0.405860 
 877 0.082310 0.392050 
 878 0.096830 0.382640 
 879 0.106840 0.395370 
 880 0.045190 0.383470 
 881 0.046870 0.365310 
 882 0.063000 0.366320 
 883 0.062090 0.382360 
 884 0.019980 0.331890 
 885 0.029110 0.314740 
 886 0.043360 0.324760 
 887 0.035820 0.342160 
 888 0.018330 0.273220 
 889 0.034550 0.264780 
 890 0.042310 0.280930 
 891 0.028360 0.288830 
 892 0.051340 0.221340 
 893 0.074450 0.217730 
 894 0.073040 0.238040 
 895 0.050280 0.241190 
 896 0.103650 0.174260 
 897 0.124980 0.172780 
 898 0.121520 0.193830 
 899 0.099890 0.194970 
 900 0.155330 0.131260 
 901 0.181240 0.131460 
 902 0.176660 0.151570 
 903 0.152150 0.151540 
 904 2.033570 1.003120 
 905 2.037080 0.985650 
 906 2.059000 0.989940 
 907 2.052520 1.007120 
 908 0.267120 0.073790 
 909 0.265110 0.064160 
 910 0.269670 0.067430 
 911 0.273030 0.076100 
 912 0.250520 0.088380 
 913 0.249760 0.073440 
 914 0.261670 0.080430 
 915 0.264690 0.094200 
 916 0.091310 0.338180 
 917 0.107020 0.345260 
 918 0.097180 0.360180 
 919 0.083280 0.353660 
 920 2.069070 1.037840 
 921 2.057120 1.053170 
 922 2.048420 1.045490 
 923 2.059000 1.029700 
 924 2.089230 1.037890 
 925 2.104720 1.029600 
 926 2.107870 1.047140 
 927 2.092010 1.053500 
 928 0.080960 0.296700 
 929 0.079880 0.316220 
 930 0.063260 0.313080 
 931 0.063060 0.295090 
 932 0.157830 0.332680 
 933 0.143310 0.353100 
 934 0.131920 0.338240 
 935 0.143800 0.316950 
 936 0.181660 0.194980 
 937 0.189540 0.173120 
 938 0.204470 0.175860 
 939 0.196340 0.195050 
 940 0.233210 0.117040 
 941 0.208840 0.113710 
 942 0.210600 0.094550 
 943 0.232920 0.099160 
 944 0.206080 0.279890 
 945 0.194200 0.260520 
 946 0.207910 0.253190 
 947 0.219890 0.270030 
 948 0.204480 0.313310 
 949 0.222560 0.332680 
 950 0.203670 0.351150 
 951 0.187190 0.331360 
 952 0.147840 0.241410 
 953 0.143040 0.217040 
 954 0.163070 0.218150 
 955 0.168440 0.242240 
 956 2.100180 0.975650 
 957 2.119250 0.994320 
 958 2.107210 1.003480 
 959 2.088480 0.986480 
 960 0.102570 0.279420 
 961 0.100140 0.258600 
 962 0.127800 0.261780 
 963 0.128900 0.284400 
 964 0.301110 0.326310 
 965 0.265760 0.325450 
 966 0.279180 0.308270 
 967 0.308520 0.308600 
 968 1.858500 0.931000 
 969 1.894250 0.955160 
 970 1.868560 0.958580 
 971 1.832440 0.940020 
 972 0.410340 0.345030 
 973 0.361800 0.361060 
 974 0.344660 0.338520 
 975 0.389860 0.323280 
 976 0.526140 0.329680 
 977 0.568970 0.357200 
 978 0.524780 0.374950 
 979 0.485300 0.349490 
 980 0.670810 0.378590 
 981 0.738360 0.371810 
 982 0.797220 0.419050 
 983 0.723260 0.422340 
 984 0.957270 0.474450 
 985 1.072970 0.475730 
 986 1.147560 0.540530 
 987 1.028020 0.538020 
 988 1.750210 0.799880 
 989 1.675410 0.807380 
 990 1.662270 0.738440 
 991 1.743730 0.732830 
 992 1.344480 0.607870 
 993 1.474740 0.600990 
 994 1.527350 0.674470 
 995 1.404020 0.681510 
 996 0.167750 0.087500 
 997 0.169250 0.062500 
 998 0.180000 0.042500 
 999 0.200000 0.027500 
1000 0.222090 0.020000 
1001 0.246260 0.020000 
1002 0.263760 0.020000 
1003 0.274590 0.020000 
1004 0.287500 0.027500 
1005 0.302500 0.042500 
1006 0.314250 0.062500 
1007 0.322750 0.087500 
1008 0.320250 0.112500 
1009 0.306750 0.137500 
1010 0.290000 0.155000 
1011 0.270000 0.165000 
1012 0.257310 0.177180 
1013 0.251930 0.191530 
1014 0.244430 0.211530 
1015 0.234810 0.237180 
1016 0.248550 0.250000 
1017 0.285640 0.250000 
1018 0.320310 0.250000 
1019 0.352570 0.250000 
1020 0.389380 0.250000 
1021 0.430730 0.250000 
1022 0.488560 0.250000 
1023 0.562850 0.250000 
1024 0.676380 0.270070 
1025 0.829150 0.310200 
1026 1.011270 0.358040 
1027 1.222730 0.413600 
1028 1.441340 0.471030 
1029 1.667110 0.530340 
1030 1.807850 0.603040 
1031 1.863550 0.689120 
1032 1.918550 0.774120 
1033 1.972850 0.858040 
1034 2.015360 0.901730 
1035 2.046090 0.905190 
1036 2.080130 0.909020 
1037 2.117490 0.913220 
1038 2.157090 0.917670 
1039 2.198930 0.922380 
1040 2.240110 0.927010 
1041 2.280630 0.931570 
1042 2.315380 0.935480 
1043 2.344380 0.938740 
1044 2.369160 0.941530 
1045 2.389720 0.943840 
1046 2.412500 0.947500 
1047 2.437500 0.952500 
1048 2.450000 0.963750 
1049 2.450000 0.981250 
1050 2.450000 0.998750 
1051 2.450000 1.016250 
1052 2.437500 1.027500 
1053 2.412500 1.032500 
1054 2.389760 1.035000 
1055 2.369270 1.035000 
1056 2.344640 1.035000 
1057 2.315850 1.035000 
1058 2.286310 1.035000 
1059 2.256020 1.035000 
1060 2.225670 1.035000 
1061 2.195250 1.035000 
1062 2.170040 1.035000 
1063 2.150010 1.035000 
1064 2.140000 1.044000 
1065 2.140000 1.062010 
1066 2.140000 1.078260 
1067 2.140000 1.092750 
1068 2.135750 1.110000 
1069 2.127250 1.130000 
1070 2.114750 1.147500 
1071 2.098250 1.162500 
1072 2.079250 1.170000 
1073 2.057750 1.170000 
1074 2.039000 1.162500 
1075 2.023000 1.147500 
1076 2.011250 1.130000 
1077 2.003750 1.110000 
1078 2.000000 1.092750 
1079 2.000000 1.078260 
1080 2.000000 1.062010 
1081 2.000000 1.044000 
1082 1.988610 1.035000 
1083 1.965830 1.035000 
1084 1.940830 1.035000 
1085 1.913610 1.035000 
1086 1.882050 1.027060 
1087 1.846140 1.011180 
1088 1.798270 0.990000 
1089 1.738430 0.963530 
1090 1.658840 0.928330 
1091 1.559510 0.884400 
1092 1.422580 0.823830 
1093 1.248060 0.746640 
1094 1.066680 0.666420 
1095 0.878460 0.583160 
1096 0.738260 0.521150 
1097 0.646090 0.480380 
1098 0.557720 0.455300 
1099 0.473160 0.445910 
1100 0.383160 0.435910 
1101 0.287720 0.425300 
1102 0.219260 0.420000 
1103 0.177780 0.420000 
1104 0.147780 0.420000 
1105 0.129260 0.420000 
1106 0.104250 0.418750 
1107 0.072750 0.416250 
1108 0.046750 0.403750 
1109 0.026250 0.381250 
1110 0.012000 0.352500 
1111 0.004000 0.317500 
1112 0.003000 0.285000 
1113 0.009000 0.255000 
1114 0.026630 0.226790 
1115 0.055890 0.200360 
1116 0.082840 0.176010 
1117 0.107490 0.153750 
1118 0.131610 0.131970 
1119 0.155200 0.110660 
1120 2.062500 1.062500 
1121 2.047500 1.067500 
1122 2.037500 1.077500 
1123 2.032500 1.092500 
1124 2.032500 1.107500 
1125 2.037500 1.122500 
1126 2.047500 1.132500 
1127 2.070000 1.138000 
1128 2.081000 1.136000 
1129 2.092500 1.130000 
1130 2.103000 1.117500 
1131 2.107500 1.107500 
1132 2.107500 1.092500 
1133 2.102500 1.077500 
1134 2.092500 1.067500 
1135 2.077500 1.062500 
1136 2.390970 1.024670 
1137 2.375390 1.022260 
1138 2.389870 1.006370 
1139 2.070870 1.161020 
1140 2.055170 1.160830 
1141 2.053340 1.146260 
1142 2.008290 1.088550 
1143 2.007990 1.076550 
1144 2.021880 1.077260 
1145 2.021650 1.023480 
1146 2.006910 1.024980 
1147 2.010170 1.008180 
1148 2.008340 0.976180 
1149 1.994090 0.957510 
1150 2.025580 0.961720 
1151 2.239260 1.000110 
1152 2.270170 1.019390 
1153 2.248430 1.022780 
1154 1.844510 0.831440 
1155 1.886330 0.893270 
1156 1.810940 0.877440 
1157 2.162390 0.973610 
1158 2.188460 0.976700 
1159 2.176940 0.985140 
1160 0.180500 0.054870 
1161 0.202600 0.040240 
1162 0.209160 0.064140 
1163 0.182920 0.079310 
1164 0.224640 0.031840 
1165 0.246200 0.029940 
1166 0.248440 0.050170 
1167 0.230900 0.054370 
1168 0.261830 0.029660 
1169 0.271860 0.030470 
1170 0.266850 0.048650 
1171 0.260060 0.048660 
1172 0.282500 0.036950 
1173 0.294400 0.049770 
1174 0.280210 0.062300 
1175 0.273110 0.053080 
1176 0.304110 0.066990 
1177 0.310350 0.088120 
1178 0.288480 0.087600 
1179 0.285820 0.073520 
1180 0.308150 0.109540 
1181 0.297090 0.130520 
1182 0.278030 0.116680 
1183 0.286280 0.102290 
1184 0.281320 0.146410 
1185 0.262720 0.157920 
1186 0.244560 0.143220 
1187 0.263630 0.129830 
1188 0.249410 0.171430 
1189 0.242010 0.187600 
1190 0.223130 0.180800 
1191 0.230290 0.161480 
1192 0.233790 0.208140 
1193 0.224420 0.232820 
1194 0.203780 0.222610 
1195 0.214870 0.199750 
1196 0.249710 0.261770 
1197 0.285400 0.262210 
1198 0.286550 0.285350 
1199 0.251830 0.286560 
1200 0.319750 0.262250 
1201 0.352820 0.262470 
1202 0.347670 0.287730 
1203 0.316400 0.285380 
1204 0.389820 0.262600 
1205 0.433040 0.262740 
1206 0.431760 0.290150 
1207 0.385310 0.289360 
1208 0.491040 0.262780 
1209 0.568200 0.265760 
1210 0.570660 0.295590 
1211 0.491610 0.290920 
1212 0.681480 0.285480 
1213 0.831790 0.324270 
1214 0.827280 0.353170 
1215 0.681400 0.315560 
1216 1.013110 0.371740 
1217 1.220410 0.426470 
1218 1.207720 0.456800 
1219 1.004840 0.401660 
1220 1.436830 0.483290 
1221 1.648980 0.541920 
1222 1.617380 0.573210 
1223 1.418810 0.514220 
1224 1.788050 0.614170 
1225 1.853180 0.697830 
1226 1.826980 0.721070 
1227 1.753810 0.642700 
1228 1.908450 0.782480 
1229 1.962510 0.862420 
1230 1.938690 0.881220 
1231 1.884370 0.801930 
1232 2.007340 0.907810 
1233 2.043150 0.917370 
1234 2.036710 0.941350 
1235 1.993330 0.929300 
1236 2.078950 0.921570 
1237 2.116580 0.925740 
1238 2.115720 0.951410 
1239 2.076940 0.947060 
1240 2.156170 0.930120 
1241 2.197590 0.935520 
1242 2.195010 0.960350 
1243 2.155340 0.954420 
1244 2.239140 0.943440 
1245 2.279690 0.952840 
1246 2.278450 0.994350 
1247 2.237220 0.974460 
1248 2.314570 0.959410 
1249 2.343470 0.961950 
1250 2.343610 1.009640 
1251 2.314630 1.008690 
1252 2.367580 0.960960 
1253 2.388580 0.958150 
1254 2.387600 0.985180 
1255 2.367340 0.999160 
1256 2.411740 0.958200 
1257 2.437140 0.961670 
1258 2.436580 0.980000 
1259 2.410480 0.979140 
1260 2.436590 0.998670 
1261 2.437140 1.017820 
1262 2.412130 1.021370 
1263 2.410860 0.999880 
1264 2.221060 1.021950 
1265 2.193860 1.022750 
1266 2.188930 0.999970 
1267 2.210200 0.996230 
1268 2.169560 1.021970 
1269 2.147540 1.018720 
1270 2.147000 0.989810 
1271 2.169460 0.998510 
1272 2.129050 1.052460 
1273 2.131450 1.069430 
1274 2.115060 1.084750 
1275 2.110630 1.069480 
1276 2.131570 1.085500 
1277 2.130080 1.100310 
1278 2.111620 1.115090 
1279 2.115190 1.100190 
1280 2.124500 1.115650 
1281 2.114810 1.131870 
1282 2.089940 1.135620 
1283 2.103310 1.126880 
1284 2.101460 1.144850 
1285 2.085590 1.154830 
1286 2.060190 1.140000 
1287 2.075560 1.140000 
1288 2.039130 1.151900 
1289 2.025930 1.137280 
1290 2.030750 1.117330 
1291 2.038640 1.132090 
1292 2.017080 1.120450 
1293 2.011920 1.102690 
1294 2.028310 1.086510 
1295 2.027700 1.101710 
1296 2.009240 1.061350 
1297 2.008870 1.043740 
1298 2.027220 1.041880 
1299 2.028410 1.060300 
1300 1.988960 1.020960 
1301 1.967730 1.016800 
1302 1.972240 0.979640 
1303 1.993720 0.994760 
1304 1.943460 1.016510 
1305 1.915940 1.018850 
1306 1.915850 0.989100 
1307 1.941460 0.977290 
1308 1.884470 1.013560 
1309 1.848310 0.998890 
1310 1.853040 0.976190 
1311 1.888480 0.988510 
1312 1.801280 0.978130 
1313 1.740990 0.950690 
1314 1.759820 0.928570 
1315 1.813310 0.958300 
1316 1.661080 0.914940 
1317 1.558930 0.869290 
1318 1.574270 0.836640 
1319 1.679270 0.885470 
1320 1.421760 0.809010 
1321 1.252050 0.733790 
1322 1.268990 0.702290 
1323 1.437790 0.775380 
1324 1.071520 0.654210 
1325 0.891690 0.575160 
1326 0.910810 0.548630 
1327 1.087460 0.624470 
1328 0.751070 0.512400 
1329 0.651030 0.470440 
1330 0.659720 0.444120 
1331 0.767460 0.487080 
1332 0.561260 0.444950 
1333 0.474300 0.433310 
1334 0.477840 0.406400 
1335 0.566470 0.418790 
1336 0.384000 0.423490 
1337 0.293030 0.414050 
1338 0.301280 0.387940 
1339 0.388670 0.397220 
1340 0.224270 0.408670 
1341 0.180060 0.408420 
1342 0.182540 0.383300 
1343 0.229160 0.383070 
1344 0.149710 0.408440 
1345 0.129050 0.408280 
1346 0.130030 0.383780 
1347 0.151940 0.383580 
1348 0.105330 0.407090 
1349 0.077790 0.403720 
1350 0.085920 0.381260 
1351 0.108200 0.383340 
1352 0.054650 0.392600 
1353 0.036730 0.373010 
1354 0.057260 0.357830 
1355 0.069470 0.373390 
1356 0.024110 0.347140 
1357 0.016890 0.316260 
1358 0.040220 0.312610 
1359 0.047330 0.336780 
1360 0.016040 0.286970 
1361 0.022240 0.259830 
1362 0.046720 0.270580 
1363 0.039620 0.291360 
1364 0.038810 0.233920 
1365 0.064970 0.209020 
1366 0.085330 0.227130 
1367 0.062270 0.249080 
1368 0.091180 0.185490 
1369 0.116260 0.163250 
1370 0.134030 0.182910 
1371 0.109610 0.205030 
1372 0.142050 0.141750 
1373 0.168520 0.121100 
1374 0.192110 0.142260 
1375 0.161420 0.161660 
1376 2.040420 1.013580 
1377 2.025580 0.993270 
1378 2.050320 0.979030 
1379 2.065390 1.001740 
1380 0.272620 0.080220 
1381 0.263270 0.066000 
1382 0.267200 0.061850 
1383 0.273820 0.071640 
1384 0.259310 0.099060 
1385 0.242400 0.077080 
1386 0.255780 0.070540 
1387 0.268630 0.089310 
1388 0.079250 0.344340 
1389 0.103680 0.332430 
1390 0.108550 0.358290 
1391 0.086390 0.362720 
1392 2.070300 1.025660 
1393 2.065960 1.050460 
1394 2.048020 1.056350 
1395 2.047650 1.034770 
1396 2.083480 1.050540 
1397 2.093170 1.025360 
1398 2.115440 1.036240 
1399 2.099900 1.057580 
1400 0.070000 0.286460 
1401 0.090660 0.308090 
1402 0.069150 0.323880 
1403 0.056580 0.303090 
1404 0.157680 0.312860 
1405 0.155680 0.351610 
1406 0.131650 0.354650 
1407 0.129770 0.321850 
1408 0.187780 0.206010 
1409 0.176050 0.183490 
1410 0.203520 0.165030 
1411 0.205530 0.186100 
1412 0.243490 0.110380 
1413 0.221080 0.124730 
1414 0.196870 0.102600 
1415 0.222910 0.087570 
1416 0.220030 0.283510 
1417 0.192060 0.274700 
1418 0.196310 0.247450 
1419 0.220190 0.257420 
1420 0.188660 0.311190 
1421 0.221200 0.314870 
1422 0.226150 0.350250 
1423 0.185450 0.350720 
1424 0.162460 0.254680 
1425 0.133610 0.228260 
1426 0.153000 0.205700 
1427 0.173820 0.229840 
1428 2.082760 0.973640 
1429 2.117230 0.979530 
1430 2.121350 1.009530 
1431 2.092870 0.999670 
1432 0.115060 0.292270 
1433 0.088620 0.268140 
1434 0.112130 0.249030 
1435 0.142100 0.276400 
1436 0.322430 0.313590 
1437 0.277360 0.337490 
1438 0.259050 0.312320 
1439 0.297210 0.302310 
1440 1.819220 0.923820 
1441 1.896250 0.941370 
1442 1.891250 0.966650 
1443 1.844570 0.953650 
1444 0.419850 0.325090 
1445 0.401390 0.364320 
1446 0.326180 0.355850 
1447 0.362960 0.320980 
1448 0.488030 0.327940 
1449 0.569690 0.334320 
1450 0.569080 0.380660 
1451 0.482750 0.370840 
1452 0.667700 0.403770 
1453 0.675310 0.354960 
1454 0.810030 0.393960 
1455 0.786310 0.445260 
1456 0.939000 0.503410 
1457 0.977430 0.446360 
1458 1.172640 0.507420 
1459 1.122990 0.573630 
1460 1.779860 0.767060 
1461 1.721940 0.834110 
1462 1.624210 0.777900 
1463 1.697910 0.699490 
1464 1.312800 0.645570 
1465 1.375000 0.570290 
1466 1.563400 0.633430 
1467 1.489010 0.714970 
prescribed displacement x: node  disp value
  49           0
  62           0
  63           0
  64           0
  65           0
  66           0
  67           0
  68           0
  69           0
 293           0
 309           0
 310           0
 311           0
 312           0
 313           0
 314           0
 315           0
 316           0
1088           0
1089           0
1120           0
1121           0
1122           0
1123           0
1124           0
1125           0
1126           0
1127           0
1128           0
1129           0
1130           0
1131           0
1132           0
1133           0
1134           0
1135           0
 -10
prescribed displacement y: node  disp value
  49           0
  62           0
  63           0
  64           0
  65           0
  66           0
  67           0
  68           0
  69           0
 293           0
 309           0
 310           0
 311           0
 312           0
 313           0
 314           0
 315           0
 316           0
1088           0
1089           0
1120           0
1121           0
1122           0
1123           0
1124           0
1125           0
1126           0
1127           0
1128           0
1129           0
1130           0
1131           0
1132           0
1133           0
1134           0
1135           0
 -10
node with point load and load vector in x,y
   2           20.0000  -34.6410
   3           20.0000  -34.6410
   4           20.0000  -34.6410
   5           20.0000  -34.6410
   6           20.0000  -34.6410
   7           20.0000  -34.6410
   8           20.0000  -34.6410
 247           20.0000  -34.6410
 248           20.0000  -34.6410
 249           20.0000  -34.6410
 250           20.0000  -34.6410
 251           20.0000  -34.6410
 252           20.0000  -34.6410
 996           20.0000  -34.6410
 997           20.0000  -34.6410
 998           20.0000  -34.6410
 999           20.0000  -34.6410
1000           20.0000  -34.6410
1001           20.0000  -34.6410
1002           20.0000  -34.6410
1003           20.0000  -34.6410
1004           20.0000  -34.6410
1005           20.0000  -34.6410
1006           20.0000  -34.6410
1007           20.0000  -34.6410
 -10
