numel numnp nmat plane_stress_flag 
146 176   1   1
matl no., E modulus, Poisson Ratio, mass 
  0 30000000.000000 0.300000 1.000000
el no.,connectivity, matl no
  0   0  16  82  25   0
  1  16   1  17  82   0
  2  25  82  83  24   0
  3  82  17  18  83   0
  4  24  83  84  23   0
  5  83  18  19  84   0
  6  23  84  85  22   0
  7  84  19  20  85   0
  8  22  85  21   3   0
  9  85  20   2  21   0
 10   4  26  86  35   0
 11  26   5  27  86   0
 12  35  86  87  34   0
 13  86  27  28  87   0
 14  34  87  88  33   0
 15  87  28  29  88   0
 16  33  88  89  32   0
 17  88  29  30  89   0
 18  32  89  31   7   0
 19  89  30   6  31   0
 20  37  93  36   9   0
 21  93  95  46  47   0
 22  91  95  38  10   0
 23  95  91  45  46   0
 24  43  44  92  90   0
 25  94  90  40  96   0
 26  93  37  38  95   0
 27  90  92  39  40   0
 28   1  16  96  40   0
 29  41  96  16   0   0
 30  90  94  42  43   0
 31  91  92  44  45   0
 32  47   8  36  93   0
 33  41  42  94  96   0
 34  10  39  92  91   0
 35  48  98  26   4   0
 36  26  98  58   5   0
 37 102 105  99 100   0
 38 100  56  57 102   0
 39  54  55  99  97   0
 40 101 103  52  53   0
 41  49 102  98  48   0
 42  11 105 102  49   0
 43 101  97 104  50   0
 44   9  36 103  51   0
 45   8  52 103  36   0
 46  97 101  53  54   0
 47  98 102  57  58   0
 48 101  50  51 103   0
 49 100  99  55  56   0
 50  99 105 104  97   0
 51 105  11  50 104   0
 52  60 136 125  59   0
 53 166 131  11  49   0
 54 108 110 117 169   0
 55 129 163 137 145   0
 56 111 119 174 114   0
 57 118  39  10 163   0
 58 109 132  38  37   0
 59 144 131 143 158   0
 60   7  59 106  32   0
 61 164 106 120 113   0
 62 164  33  32 106   0
 63  34  33 164 113   0
 64  61  12  62 142   0
 65 130 125 136 168   0
 66  65  13  66 149   0
 67  67 152 149  66   0
 68  63 156 142  62   0
 69  74  14  75 147   0
 70  76 151 147  75   0
 71 127 146 148 137   0
 72 169 124 109 108   0
 73  51 110 108   9   0
 74 122 126 138 134   0
 75 153 170 135 152   0
 76 160 158 150 149   0
 77  78  15  79 140   0
 78 139 151 155 157   0
 79 118 163 129 123   0
 80 139 129 145 151   0
 81 161 107  20  19   0
 82  40 111 114   1   0
 83 123 157 141 119   0
 84 116  18  17 162   0
 85  39 118 111  40   0
 86  37   9 108 109   0
 87  50 117 110  51   0
 88 113 165  35  34   0
 89  48   4 115 112   0
 90  18 116 161  19   0
 91 107  81   2  20   0
 92 133 132 109 124   0
 93 132 127  10  38   0
 94 117  50  11 128   0
 95 133 122 134 146   0
 96 118 123 119 111   0
 97 141  80 172 173   0
 98 131 144 128  11   0
 99  49  48 112 166   0
100 165 113 120 167   0
101 114 174 175 162   0
102   1 114 162  17   0
103   4  35 165 115   0
104 116 171 121 161   0
105 127 137 163  10   0
106 174 173 171 175   0
107  81 107 161 121   0
108 134 138  69  70   0
109 139 157 123 129   0
110 134  70  71 146   0
111  60  61 142 136   0
112 125 130 167 120   0
113 126 117 128 170   0
114 138 126 170 153   0
115 154 145 137 148   0
116 160 149 152 135   0
117 159 150 158 143   0
118 112 167 130 166   0
119 166 130 143 131   0
120 122 133 124 169   0
121  72 148 146  71   0
122  68 153 152  67   0
123  69 138 153  68   0
124 156 150 159 168   0
125 133 146 127 132   0
126  74 147 154  73   0
127  78 140 155  77   0
128 140  79  80 141   0
129 173 172 121 171   0
130  64 150 156  63   0
131  65 149 150  64   0
132 128 144 135 170   0
133 148  72  73 154   0
134 147 151 145 154   0
135 151  76  77 155   0
136 160 135 144 158   0
137 157 155 140 141   0
138 142 156 168 136   0
139 168 159 143 130   0
140 106  59 125 120   0
141 115 165 167 112   0
142 169 117 126 122   0
143 119 141 173 174   0
144 172  80  81 121   0
145 175 171 116 162   0
node no. coordinates
   0 30.000000 20.000000 
   1 32.000000 20.000000 
   2 32.000000 25.000000 
   3 30.000000 25.000000 
   4 18.000000 20.000000 
   5 20.000000 20.000000 
   6 20.000000 25.000000 
   7 18.000000 25.000000 
   8 25.000000 15.000000 
   9 25.000000 13.000000 
  10 32.000000 13.000000 
  11 18.000000 13.000000 
  12 0.000000 25.000000 
  13 0.000000 0.000000 
  14 50.000000 0.000000 
  15 50.000000 25.000000 
  16 31.000000 20.000000 
  17 32.000000 21.000000 
  18 32.000000 22.000000 
  19 32.000000 23.000000 
  20 32.000000 24.000000 
  21 31.000000 25.000000 
  22 30.000000 24.000000 
  23 30.000000 23.000000 
  24 30.000000 22.000000 
  25 30.000000 21.000000 
  26 19.000000 20.000000 
  27 20.000000 21.000000 
  28 20.000000 22.000000 
  29 20.000000 23.000000 
  30 20.000000 24.000000 
  31 19.000000 25.000000 
  32 18.000000 24.000000 
  33 18.000000 23.000000 
  34 18.000000 22.000000 
  35 18.000000 21.000000 
  36 25.000000 14.000000 
  37 26.312500 13.000000 
  38 28.500000 13.000000 
  39 32.000000 16.500000 
  40 32.000000 18.687500 
  41 29.903927 19.024548 
  42 29.619398 18.086582 
  43 29.157349 17.222149 
  44 28.535534 16.464466 
  45 27.777851 15.842652 
  46 26.913418 15.380602 
  47 25.975452 15.096073 
  48 18.000000 18.687500 
  49 18.000000 16.500000 
  50 21.500000 13.000000 
  51 23.687500 13.000000 
  52 24.024548 15.096073 
  53 23.086582 15.380602 
  54 22.222149 15.842652 
  55 21.464466 16.464466 
  56 20.842651 17.222149 
  57 20.380602 18.086582 
  58 20.096073 19.024548 
  59 13.500000 25.000000 
  60 9.000000 25.000000 
  61 4.500000 25.000000 
  62 0.000000 20.000000 
  63 0.000000 15.000000 
  64 0.000000 10.000000 
  65 0.000000 5.000000 
  66 5.000000 0.000000 
  67 10.000000 0.000000 
  68 15.000000 0.000000 
  69 20.000000 0.000000 
  70 25.000000 0.000000 
  71 30.000000 0.000000 
  72 35.000000 0.000000 
  73 40.000000 0.000000 
  74 45.000000 0.000000 
  75 50.000000 5.000000 
  76 50.000000 10.000000 
  77 50.000000 15.000000 
  78 50.000000 20.000000 
  79 45.500000 25.000000 
  80 41.000000 25.000000 
  81 36.500000 25.000000 
  82 31.000000 21.000000 
  83 31.000000 22.000000 
  84 31.000000 23.000000 
  85 31.000000 24.000000 
  86 19.000000 21.000000 
  87 19.000000 22.000000 
  88 19.000000 23.000000 
  89 19.000000 24.000000 
  90 30.485521 17.528437 
  91 29.568479 14.898357 
  92 30.314983 16.307268 
  93 26.301147 13.972710 
  94 30.300430 18.101238 
  95 27.939325 14.169146 
  96 30.826176 18.976921 
  97 21.605057 15.043798 
  98 19.011627 18.673193 
  99 20.767101 15.756254 
 100 20.290926 16.634359 
 101 22.499725 14.359561 
 102 19.339279 16.849100 
 103 23.775694 14.044477 
 104 20.949993 14.315724 
 105 19.738893 14.916103 
 106 15.541973 23.316870 
 107 34.208645 23.946339 
 108 24.457924 10.867327 
 109 26.150890 10.614107 
 110 23.201677 11.288746 
 111 34.533089 18.002457 
 112 16.174450 18.599180 
 113 16.316641 21.593926 
 114 34.269558 19.626621 
 115 16.830582 19.765976 
 116 34.153389 22.065174 
 117 21.089714 9.852439 
 118 34.815971 15.668240 
 119 37.450108 18.222473 
 120 14.543254 21.458206 
 121 36.395180 23.432163 
 122 23.877081 6.287331 
 123 38.147343 15.648549 
 124 25.564461 8.920759 
 125 12.036744 21.468477 
 126 20.374601 6.258975 
 127 31.330353 8.938306 
 128 17.342312 9.922807 
 129 38.577255 12.372268 
 130 12.129353 17.786207 
 131 14.428389 13.398240 
 132 28.319130 9.954562 
 133 26.861237 7.350680 
 134 24.658756 3.275369 
 135 12.605077 7.071714 
 136 8.278786 21.204884 
 137 35.074246 8.444825 
 138 20.159992 3.041906 
 139 41.591988 12.980510 
 140 45.633942 20.179491 
 141 41.102299 20.080208 
 142 4.147029 20.669146 
 143 11.122217 13.997970 
 144 13.580795 10.302728 
 145 39.431835 8.710568 
 146 29.609961 4.559979 
 147 44.911087 4.954180 
 148 34.916599 4.275468 
 149 6.026220 5.586979 
 150 5.436223 11.344497 
 151 44.467800 10.317293 
 152 11.076254 3.770863 
 153 15.640147 3.218464 
 154 39.897556 4.486128 
 155 45.653217 15.510922 
 156 4.241585 16.131176 
 157 41.832394 16.055775 
 158 9.810299 10.792309 
 159 8.360017 14.423291 
 160 9.543431 7.960156 
 161 34.236336 23.129223 
 162 34.094536 20.902227 
 163 35.040314 12.378245 
 164 16.473158 22.615686 
 165 16.449280 20.531185 
 166 15.213776 16.437643 
 167 14.785680 19.638231 
 168 8.064283 17.351911 
 169 23.717064 8.824272 
 170 16.488621 6.522587 
 171 36.112343 22.036945 
 172 38.546822 23.136118 
 173 38.235615 21.368305 
 174 36.440987 19.934998 
 175 35.666622 20.975515 
prescribed displacement x: node  disp value
  12 0.000000
  13 0.000000
  62 0.000000
  63 0.000000
  64 0.000000
  65 0.000000
 -10
prescribed displacement y: node  disp value
  12 0.000000
  13 0.000000
  62 0.000000
  63 0.000000
  64 0.000000
  65 0.000000
 -10
node with point load and load vector in x,y
  14 100.000000 0.000000
  15 100.000000 0.000000
  75 100.000000 0.000000
  76 100.000000 0.000000
  77 100.000000 0.000000
  78 100.000000 0.000000
 -10
