nBod
4
Axis of Rotation
 4 3 2 2
Spatial freedom
0 0 0 0
0 0 0 0
0 0 0 0
0 0 0 0
centre Of Mass Coordinates
0.000000 0.000000 0.000000
11.900000 7.500000 13.500000
2.600000 0.000000 0.000000
3.500000 0.000000 0.000000
10.700000 0.000000 0.000000
11.300000 0.000000 0.000000
-4.100000 0.000000 -2.400000
-5.010000 0.000000 -2.650000
Mass
6200.000000 160.000000 150.000000 150.000000 
Inertia
2267.500000 989.570000 1.559200 -989.570000 8698.780000 -1.980300 -1.559200 -1.980300 9428.400000
0.984300 0.000000 0.000000 0.000000 0.694500 0.068900 0.000000 0.068900 1.007000
0.475000 0.000000 0.016100 0.000000 5.914000 0.000000 0.016100 0.000000 5.757000
0.425000 0.000000 0.570000 0.000000 1.688000 0.000000 0.570000 0.000000 1.787000
initial angular values R1, ang, angV
1.000000 0.000000 -0.000000 -0.000000 0.985135 -0.171784 0.000000 0.171784 0.985135 0.162789 -0.755829 -1.042241 -0.049432 0.000000 0.000000 -0.047230 -0.020928 0.003117 
initial translation initial velocity
0.000000 0.000000 0.000000 0.000000 0.000000 0.000000
0.000000 0.000000 0.000000 0.000000 0.000000 0.000000
0.000000 0.000000 0.000000 0.000000 0.000000 0.000000
0.000000 0.000000 0.000000 0.000000 0.000000 0.000000
initial angular Acceleration
-0.001619 -0.000000 -0.000000 8.656827 3.837844 -0.573637 
mass Times Acc
0.0 0.0 0.0 -3.607413 1.578153 -2.425580
2523.801809 11285.365136 -2573.197098 2.938246 22.474268 36.502301
2830.324933 27348.966487 -6201.166814 2.479701 5.548762 1.315597
34.573585 6.435392 28.415123 3268.237183 -4825.446747 -4202.267573
Crane Global Position
34.573585 6.435392 28.415123
Applied Loads
3268.237183 -4825.446747 -4202.267573 1282.339432
2452.267423 -7485.032976 -3507.884057 2149.519491
-953.527961 249.098301 0.000000 0.000000
