nBod
4
BodyID
0 1 2 3
axisOfRotations
4 3 2 2
spatialFreedom
0 0 0 0 0 0 0 0 0 0 0 0
CMPos
0.0 0.0 0.0
11.9 7.5 13.5
2.6 0.0 0.0
3.5 0.0 0.0
10.7 0.0 0.0
11.3 0.0 0.0
-4.1 0.0 -2.4
-5.01 0.0 -2.65
mass
6200 160 150 150
Inertia
2267.5 989.57 1.5592 -989.57 8698.78 -1.9803 -1.5592 -1.9803 9428.4
0.9843 0.0 0.0 0.0 0.6945 0.0689 0.0 0.0689 1.007
0.475 0.0 0.0161 0.0 5.914 0.0 0.0161 0.0 5.757
0.425 0.0 0.57 0.0 1.688 0.0 0.57 0.0 1.787
initial values ang angV transl tranlV
1.0 0.0 0.0 0.0 1.0 0.0 0.0 0.0 1.0 0.0 0.0 0.0 0.0 0.0 0.0
